3813
875
837
3367
134
900
248
2374
3056
2608
653
3012
148
2874
1792
3173
73
3312
538
3670
1547
1110
1797
2996
2263
46
1071
2822
1232
1005
1488
3175
241
2235
188
1340
2166
158
1538
1614
2152
1625
176
3833
133
3370
142
3333
2670
1834
2072
2228
2177
2533
848
3020
2131
191
3282
2562
603
3741
1851
3268
2827
290
2371
3211
583
372
2274
1448
1228
2231
2108
2510
2862
1927
3299
1048
1850
389
3999
2942
150
3408
2806
2749
3367
1740
431
1747
463
346
2140
2904
119
3666
1206
2782
2988
3761
3287
783
2014
2768
2858
1297
1598
3349
791
1578
61
2902
2273
3869
2044
2308
2380
434
3651
3668
293
2428
2729
3884
3009
2278
629
2862
1763
2720
1524
297
583
3679
3239
3516
226
167
3237
479
3974
1798
3269
975
3674
3972
2423
961
3200
1709
900
3401
3664
3210
266
1893
1630
3689
1203
3760
3107
758
1340
1735
1050
2087
656
127
1674
2066
2971
1875
194
2891
2272
3577
1438
3860
1879
1976
1468
3832
3842
1723
2144
429
511
2097
531
791
451
781
1831
1925
1393
1887
3586
294
1106
134
2925
1982
2727
823
211
397
712
3176
3488
2355
1740
600
1715
955
2948
3153
3597
382
724
2525
2571
2606
2040
2224
2774
2424
1257
3865
1253
837
471
262
1047
961
2287
1764
3008
3863
2559
746
3176
1608
2496
2321
3209
2455
2689
3451
1320
942
1061
905
3491
3394
1842
526
3022
2194
842
1214
121
2757
928
1435
3905
2396
2535
823
744
2746
1028
514
3878
384
508
2656
3205
3326
1490
1950
739
3308
1717
1047
3008
2111
1186
2153
261
149
3107
3377
3577
3648
3591
713
3877
3982
1848
89
1219
1487
2586
601
1781
1555
3282
2436
2205
2894
3465
1141
1600
3947
2751
3707
482
2599
1907
802
2857
40
3307
909
1685
28
1039
2379
1346
2250
3181
1109
2865
425
3174
2642
1781
99
2799
2665
2494
457
2037
1598
517
3727
632
3498
3602
1327
1200
3670
263
3917
705
2027
3723
996
3312
3161
2245
633
1237
2090
1602
2008
1807
989
1302
3855
1668
871
2795
836
2767
898
2269
2378
2876
2203
2220
201
2031
2958
2685
3566
2880
2624
2886
37
908
3685
1441
2921
1370
3112
2751
1296
3012
2208
2973
798
3263
3839
543
1387
561
2553
59
1348
2341
1525
1400
587
2787
3462
3433
2197
1477
2993
2663
2816
3373
3483
41
3437
874
3851
3730
2271
3379
3831
2918
2682
2046
2466
2350
2224
1291
2762
2793
3854
2906
962
1068
2185
2035
2890
3128
3845
2355
3596
874
1718
3137
966
91
1421
1301
2270
894
1449
1106
3188
3566
265
2192
1154
3363
3476
2716
3670
189
1082
626
3279
3520
2240
1828
1737
2237
2409
2173
1558
554
2167
819
3915
2777
1334
701
181
1206
2675
292
2181
3850
3424
3890
1776
2974
3738
2325
3242
893
1142
2856
2089
1452
2719
3797
1097
2869
43
3954
2681
3225
2399
3086
1127
2946
353
734
3881
1002
2384
1255
3222
144
3567
2488
1023
388
1160
1954
3105
1538
3625
2594
916
3307
349
970
1166
3464
437
1538
1721
1618
92
3622
1618
1640
57
3558
1660
3314
1429
1871
1171
579
1881
2410
619
2217
2548
1006
2850
2923
1055
374
1219
3564
1957
3783
933
2652
1401
3192
606
2707
63
2027
1180
2023
3825
42
3037
429
1398
3213
383
1764
1893
3858
1141
2464
574
2482
1818
2490
1597
323
1936
1472
424
1405
693
2091
1606
3430
2190
2398
632
2718
3414
896
2921
3327
1502
997
1152
3266
1556
2261
1854
2140
261
3319
3664
1781
3314
2059
905
2158
2977
266
3392
30
3754
1214
653
2445
2676
2960
1355
3831
326
1295
391
10
3138
3604
2038
2918
611
2270
3436
3283
3317
24
935
2296
1055
2562
2709
769
2903
886
3593
1774
1104
3073
1083
2364
3867
2510
1829
1870
697
2346
3919
3006
673
141
687
1913
3510
1537
896
1851
311
141
304
1116
2476
2094
2673
2589
972
2359
1662
1928
1874
2949
2879
2181
830
469
1287
430
3977
2492
2362
1075
3615
3801
3884
356
1556
411
2711
3864
2704
2080
1702
3558
2517
517
1559
3701
1574
463
3893
3554
3840
760
2730
3580
1807
1832
2821
462
1054
1126
3019
632
614
3714
2380
3922
1224
3568
812
1412
910
1350
2427
3323
3201
3597
257
786
2986
3104
1227
2175
1155
102
2703
790
2959
2199
876
3963
2169
3045
2132
838
3743
795
393
1684
3640
891
557
3463
309
1558
2750
2496
232
3743
2554
2062
3794
3576
1522
1450
2988
3898
60
2139
2484
609
1872
966
3705
315
1313
2889
432
3529
3352
2983
1865
862
149
3306
1432
2061
351
848
876
2703
1801
2010
1037
233
2469
531
1017
1158
1318
69
3267
174
2737
1891
1503
2722
1977
2434
2396
3341
3010
3860
2020
745
2597
2653
3725
3515
3189
1620
3519
2626
2833
3098
1347
178
1422
2536
839
3793
3510
1704
3297
1292
1477
1045
152
2133
3738
3033
1544
927
3463
1224
3342
301
2660
3090
3539
3126
1503
3526
251
147
3719
2835
909
1508
1229
1776
596
2267
305
1859
2124
3509
1496
3882
616
1177
252
3647
827
2399
104
3009
2354
2587
2612
80
3830
296
3821
2180
1745
1502
1109
3275
306
1999
1846
3254
560
2994
3969
1655
2774
294
1299
843
622
2817
155
3132
3963
1221
892
3085
131
1802
3047
3655
1726
3075
3998
71
1417
1622
424
970
2769
2726
847
638
36
905
3530
3937
3510
1354
86
3912
2501
671
2933
655
1781
3900
854
965
2542
1433
589
2976
2122
2124
213
302
1417
3240
3641
414
3557
3439
71
1414
29
2477
3989
1096
2828
2820
1907
1286
1932
1165
2894
3308
2748
168
3223
977
2873
3654
3252
2420
557
3180
2993
3797
3892
409
3052
3892
3582
1199
3539
1200
1957
2254
3683
3899
1882
3480
2303
2627
3484
3854
3319
1494
824
1712
2281
1741
440
3997
2618
1522
2207
335
2702
2170
1145
1892
1859
2854
1009
3841
1505
3903
3670
2032
2977
3787
3652
2314
2548
1294
2429
2589
2648
682
1222
3633
2996
3342
2169
1819
2322
3617
3377
1408
2234
2342
3348
2768
776
2569
1189
2637
2175
1824
3031
3178
642
3486
2169
2574
285
1704
3345
2212
3667
77
312
720
1750
3309
879
1251
3084
2818
1356
2211
1745
2408
3971
3231
1735
1491
1230
1107
2945
564
2261
3612
1955
3848
3462
566
728
2439
351
1960
1215
3612
1370
2166
3637
111
1461
2950
1994
862
2431
1972
1943
3403
3173
85
947
2558
2387
1237
3718
3018
2282
3413
73
3436
3099
14
2903
1367
1444
2304
2646
733
3260
3610
3236
659
2699
945
2952
438
2388
2868
1365
3445
1088
3974
969
3750
684
2605
3393
2606
2040
2205
413
480
939
3428
745
631
1310
3990
1901
526
2768
3887
3600
220
100
1670
504
2271
1652
472
2397
1956
1017
2169
1184
385
3462
3000
1823
1364
2198
730
2574
3114
1371
3280
798
1521
1622
202
2062
3265
232
1387
3059
3882
3582
1402
3019
1247
2342
3508
2905
3151
2887
3015
132
889
1072
2205
3068
1835
3586
1774
644
834
3122
2848
3314
2542
1107
1335
1629
3804
1600
1621
946
1968
1317
2945
2477
2240
1802
1295
3398
2056
3601
2017
3224
474
735
1590
669
2478
3673
1044
2331
2105
1292
2713
2273
366
816
650
3271
3400
287
2318
1274
2487
3361
339
1630
1742
915
1544
598
845
3816
3381
3160
3891
3282
276
1969
3948
2422
3568
2351
2666
802
3691
1489
2427
2041
860
2196
744
2139
1702
3536
3805
696
220
21
915
829
1063
3967
2427
3973
3374
3827
199
893
3978
1961
1469
3418
1654
2711
942
3282
3816
3169
841
1889
624
3489
3170
1978
588
2646
3702
1869
171
3603
92
1745
2161
1826
2856
614
3100
2127
1847
3258
2960
1206
900
1274
3741
3228
3246
490
2897
3460
884
1728
1757
1638
1523
1448
2353
2883
2782
2959
2194
683
144
3836
2231
3742
2055
1170
2589
1372
3610
3449
2089
1081
1968
224
801
3815
2441
1835
840
520
282
2422
2785
1109
1446
3290
1922
791
2092
603
3966
1220
95
3294
3517
3073
2875
2653
2397
2849
354
925
1754
2552
935
3358
3314
2200
2372
1422
2506
3466
2605
2885
1234
3067
372
3367
2778
1644
1006
250
2750
406
2425
124
1485
2292
2961
1528
1702
1858
697
3495
3422
2067
2786
3882
565
948
3243
1050
1948
2431
958
3634
3448
1933
3676
3333
1739
95
1430
3331
2432
695
680
822
1711
1640
1627
2265
694
1620
80
2384
416
2144
3913
412
3891
2868
2103
3703
3695
1910
2613
2440
224
1240
3611
856
2119
71
2032
2085
2979
925
3983
3752
3795
471
184
1492
2676
1707
2158
1041
3801
2748
3405
259
3567
1303
2045
3762
576
3956
2323
110
3689
3698
76
3362
1975
463
2748
1781
1107
668
1898
959
1814
1475
2715
1961
3726
2753
2505
127
2645
1587
800
3568
2568
2261
924
2746
1101
2562
1819
2204
3204
3548
3830
3175
2386
557
1829
3745
372
1057
3917
216
2989
2693
2946
419
2108
618
219
2436
3030
997
2218
3753
3489
997
149
1783
3801
1420
732
3671
323
3295
3093
3238
2869
553
705
2010
262
3318
1338
1412
107
1562
1129
2090
2414
999
493
1342
8
2145
3106
824
3122
3363
255
526
2693
2945
3232
3902
29
1991
3570
877
1843
2723
3210
2292
1179
780
620
2906
1663
2816
2924
1383
2287
434
618
72
3007
1826
2909
725
498
3527
3821
2298
2553
3052
3480
2958
2221
2294
1028
2661
3156
1067
618
3025
3098
2349
166
2784
3355
173
2315
2857
633
260
868
541
3525
169
3724
656
1469
2915
1857
1628
3058
3107
3155
1468
3487
3905
972
1214
2788
1729
1698
1002
2744
2395
2359
3607
383
3074
2540
1320
2898
1894
2488
3174
3162
2521
148
2792
1862
1730
1693
3969
507
1633
444
3761
720
2703
1184
1085
2907
454
1790
3929
2851
2060
3796
3124
3778
1229
1341
393
185
344
1654
3899
998
48
2654
3067
396
2051
3595
1691
2729
1837
94
1226
2564
1099
10
1037
1718
2208
652
2745
1854
33
2373
727
669
1202
424
451
1870
1690
2385
3505
1139
1860
484
262
915
2205
689
1104
1938
3593
2605
1138
130
1551
677
3504
3938
2197
3809
1992
3955
3107
655
3309
1113
2384
3070
2245
3274
111
1333
2035
3569
62
1474
929
2922
1119
2997
1158
3618
1265
3785
1021
925
3761
1237
1067
1749
3967
3791
1212
2454
235
142
3689
3898
2788
1986
2773
1203
1148
1848
2115
3041
682
1117
1085
2081
2423
1458
2029
406
3533
402
822
2605
618
174
3650
120
2693
420
3922
444
3690
2913
3772
3187
1173
3912
385
416
348
2611
2403
548
677
3124
198
3585
1228
1090
2902
3136
1074
2632
2945
1269
1858
2627
1091
2133
2683
3670
693
2340
2113
2774
2687
3803
3779
2515
3440
2334
2663
1760
2280
3796
1432
1169
2577
2913
3668
3181
2606
3809
862
255
1561
2984
3296
82
422
2450
2374
186
979
397
1179
3918
3078
207
2773
160
1467
2048
2695
1329
1587
361
1364
2582
2597
1246
2034
3482
3362
2304
3985
1243
2532
653
2210
1599
461
215
3572
3622
2363
2776
2648
1141
3505
2458
403
2086
2712
896
2474
1849
2189
3670
710
2241
3118
3607
2392
2740
2325
389
1054
1637
1674
1949
1715
1048
3021
2409
2580
3915
177
2601
895
3032
3006
596
869
1876
2942
2970
158
2008
606
3053
2962
1275
840
1269
2499
3719
2645
3618
2602
2889
531
3114
3353
2030
713
2497
459
3932
3592
3115
1574
950
3058
2657
661
1772
1023
692
618
160
3340
3954
3765
3797
542
1490
622
2961
3884
1634
3363
3481
2288
2047
3803
771
48
3810
687
2135
3208
1181
13
1553
2368
3051
320
1614
1323
1655
313
2015
1145
1318
464
933
3736
3185
1562
3310
3345
3484
840
631
1112
2038
3690
3233
3590
608
2508
2967
3604
798
56
1276
165
23
3763
2040
482
3846
2852
680
2980
1483
321
2267
374
2278
2864
3787
2332
1094
542
1994
2321
643
3263
801
1922
2693
3664
2601
3174
2926
2216
810
1457
3854
952
715
3601
3006
2847
1901
351
1765
58
2720
2637
1934
2567
1133
81
3335
1798
1123
858
2134
430
155
1330
2831
1182
3315
3404
1173
3342
2633
3218
3277
1047
795
1644
658
1422
2701
808
880
231
1666
207
2009
3825
3544
1801
290
672
1144
1378
2972
3158
2611
1931
2943
62
1035
13
3598
2027
3858
222
456
2214
666
323
2537
1267
834
2828
2784
294
1000
627
1164
997
2114
1496
492
2827
3126
3814
1453
859
446
3224
3541
2451
291
3237
2979
564
2091
2863
2739
3927
1426
753
3322
1566
2921
2822
516
1730
2282
2541
3208
1768
748
2283
563
1687
2440
2097
3131
1181
3425
3836
592
2458
3057
2521
1708
2880
3945
111
3949
381
903
30
3741
487
3402
2139
2440
230
1099
422
1135
2686
2294
77
1584
2809
1460
1351
678
352
2801
2336
1377
540
3273
1216
2606
519
2352
1754
392
1420
2478
1188
2533
2844
3925
1293
2087
955
1974
505
670
901
3851
3835
2978
2547
2166
3420
2493
894
2863
766
2038
550
1367
71
1653
3277
700
211
811
3233
1131
3376
2335
3155
368
3396
2390
91
2941
1393
2495
3498
890
2657
64
2453
3459
937
1969
1309
350
3276
1627
1967
1400
1846
3232
1229
520
1490
3209
463
2927
3156
2750
2709
373
3667
245
1725
3140
2201
1121
795
3038
2740
650
3134
3397
2295
2268
3757
3983
917
2220
687
1525
3094
2164
2282
952
1496
1109
3198
6
3
2814
1867
329
1402
3859
741
3175
1246
3409
634
972
1271
256
2950
1901
1063
3898
1407
3553
1120
1667
3359
259
2131
1932
46
3172
2981
3221
2271
2820
3525
953
2614
440
126
1518
830
1016
1510
1030
3552
3901
2959
1218
1865
32
2646
3790
1873
1209
1371
1895
242
118
3313
3449
1012
3112
1180
1350
2450
2391
2231
2961
917
1137
1380
1800
2244
3968
2591
1984
1629
3619
908
1274
2079
2022
1817
1209
3398
252
1355
2182
2909
1402
2312
1412
797
3797
1627
2717
596
2950
1763
2707
2585
3434
1145
3624
3181
3282
384
3210
2738
108
2998
2412
3330
48
2028
1064
816
692
3066
1567
738
1786
2326
3789
2192
2389
3280
2894
3379
3160
2650
3828
213
141
107
903
3789
3335
264
2838
3236
3550
345
1110
1626
418
1345
3238
950
1155
1133
803
3069
782
1275
605
2393
1209
3712
3316
1316
2824
2024
1370
1034
304
2436
2735
1264
3569
636
1288
1067
157
2181
3425
2605
1274
2919
40
3545
410
3609
1757
77
3685
2515
1755
425
2318
2909
3458
3013
1744
3512
1914
949
3182
777
303
824
3098
2052
471
1651
799
480
2385
3072
3061
1014
2044
2158
3725
1102
2911
1881
3846
1467
3821
1742
1171
2685
1115
2798
705
413
624
3736
3044
2859
2993
834
3001
3092
439
2601
1922
357
1092
1449
2031
3047
694
1536
3857
250
3261
2477
655
2250
2704
3364
2361
528
2268
2993
3566
1061
1
3200
3433
480
687
2695
415
3048
1401
2980
3569
984
1368
1886
1056
927
1445
3392
1820
2970
419
131
3232
3900
1334
2994
2998
93
1007
1657
527
397
2501
3229
623
1979
484
732
1896
3461
3201
1581
3696
1013
1854
1525
3493
830
1120
1353
2886
2365
3886
815
169
3233
3451
1196
3213
3799
1316
2807
2004
3805
1714
2798
2802
738
3298
3919
877
2057
1942
2459
749
1528
846
2875
2759
2360
1333
3008
2801
3384
1917
1517
3919
1526
3053
2108
1107
382
3079
3907
1721
1410
3820
1120
766
1729
2266
3371
2082
3608
1262
313
3162
3020
658
3640
1990
1524
3707
1066
159
2704
2837
436
3084
1135
785
483
2500
1532
1565
1133
2781
1535
468
1013
3706
704
2891
3955
452
310
1476
3849
428
2
2365
3472
2740
1513
2484
618
573
1930
1288
871
650
1276
1696
2421
2411
429
2
1177
378
2351
2930
635
3958
2755
3556
1209
836
1802
1177
3723
1107
347
1906
2850
982
2062
923
1236
2781
2174
2523
1670
2533
1151
3466
1821
3546
3734
992
818
3290
2751
63
2437
670
3624
2089
1927
1531
3361
3979
1420
2079
2375
2978
1020
2445
1452
2509
3936
2162
2925
3121
389
3876
933
3276
2833
349
1585
2848
2974
2893
2459
2232
808
1241
1429
617
622
1643
1469
3308
168
3554
561
1944
2940
2508
3997
1483
1376
2028
1449
3977
3913
2601
1135
3543
3637
20
2633
58
992
588
322
3888
2430
3597
2819
2451
268
1738
3590
3837
339
448
3119
3514
2563
3250
1274
2288
789
2551
3482
197
581
1210
904
727
1154
3570
2227
3913
2011
2422
3356
3626
3544
827
2100
3381
1899
908
670
380
633
1137
3921
3436
1211
624
3347
3102
3185
1649
1152
2497
1724
2621
889
348
2263
2928
2251
146
117
3745
1236
2861
1172
738
2231
1380
1093
157
1212
1914
155
881
1637
3439
162
54
3692
1807
96
3910
2537
317
1269
34
2120
2882
2970
1267
3200
3217
1215
286
1913
2947
2717
1778
2901
3538
3309
2303
3762
1277
3609
3351
2827
3053
3322
445
2078
135
3537
3012
2441
3242
314
2662
3233
3561
545
3906
1533
992
1420
891
3733
2449
2554
1671
795
2145
3749
2931
1422
2521
3075
1450
3145
763
150
1403
2534
1232
1291
106
440
1035
1074
2696
487
3655
3866
2670
3558
1121
2413
1784
2147
3356
1463
575
3214
3821
471
248
1704
3389
1472
2807
3190
3205
693
3547
3600
1495
2324
3153
584
1830
321
764
3616
3265
82
2423
169
1458
1617
215
3315
3802
956
2796
249
1670
1346
2020
1629
825
787
802
3286
1034
3866
87
1728
3291
100
1319
3844
3998
1817
2592
3978
1252
2749
3638
273
2237
1806
3131
3272
12
1178
1240
2908
3261
3509
2474
250
3434
436
3012
1393
3892
2160
700
403
1690
622
2181
1051
755
2380
3386
3905
2235
1482
3701
2331
2647
338
227
1843
1428
2873
994
2979
743
3258
3726
1556
3659
1293
1360
2708
3759
957
3576
1875
3870
1986
2707
76
2873
1604
1348
2135
1825
3436
3040
667
1260
2226
2819
1160
3817
420
1334
2952
917
1598
2721
3903
3559
635
3368
2281
2962
3296
962
3057
1942
2415
655
2097
1682
2106
1483
2586
1044
3524
2216
955
920
2326
3057
225
2650
743
3305
3083
1645
2405
3277
284
2983
938
1529
1856
1604
3445
1540
2161
2904
2870
2787
1353
1912
3898
2751
3659
1579
1403
1740
3940
180
3858
1095
3231
2529
3013
2460
428
1260
3663
2587
1194
1286
2748
996
219
1392
3874
2875
371
3521
1790
1329
2685
3816
2611
3482
1085
3564
3582
839
297
2117
2819
2506
3007
157
3739
2821
531
3916
3077
3492
3564
2663
3477
1638
2911
49
2951
3238
1233
1484
3053
1205
2264
1205
3419
2146
2399
2808
2111
859
3911
3451
3009
2437
3613
2668
1869
3004
2781
3092
2554
1074
3162
2298
1017
386
3419
1758
494
640
3074
475
2955
3741
3823
2880
407
364
3812
2829
1458
59
3668
1413
3515
3683
2881
321
797
360
2574
2729
585
879
992
1036
3195
3898
2949
381
3148
3855
2545
3397
947
3982
2982
3368
2209
3664
943
850
2010
2834
2741
2295
1874
2100
3366
3919
3262
3099
2781
1860
3462
1526
1538
1520
1714
552
3029
2589
2234
3603
62
1174
2006
3995
2542
603
1571
307
3252
2326
2691
1158
1766
1639
2360
2446
466
156
1121
2547
3259
230
1622
33
3726
1155
1228
944
2408
1513
3029
614
655
859
620
3643
2083
2228
134
3877
3519
3326
2157
2089
801
1054
3110
3392
3586
318
3867
2538
2608
1549
1159
625
2178
3938
2699
3219
2731
2852
3589
601
956
866
1734
2294
1796
2777
3286
3199
1298
529
1789
2048
3938
3754
3691
2326
885
2558
3018
952
1494
3182
2536
107
2805
2397
2293
2865
3550
521
2800
3441
3994
2872
3501
2508
1423
691
1119
2829
623
2190
3835
166
2870
893
899
3141
3715
1605
949
1072
2575
1498
795
3687
1092
1163
1284
330
2348
1252
1176
1312
1423
1361
1967
1144
2848
1100
2138
3845
1555
2358
3394
2024
396
1967
3349
1767
3820
3611
2876
3906
1803
2807
1258
1344
2466
2951
1048
3787
1158
2504
1460
1603
1059
973
1748
1971
2517
1368
2068
3843
62
2883
731
1433
3037
2509
1219
2206
2718
2292
1425
2106
1751
3659
2337
761
3254
2743
3400
3056
230
1967
2181
59
3716
615
2246
2774
2528
2808
3957
1301
1
1845
2348
3484
1257
81
996
677
357
473
996
1519
341
134
2228
2463
3719
3701
824
3637
743
2754
3014
1708
2255
1827
715
2159
1792
2282
1533
205
3676
3144
3705
2782
647
1364
2342
3164
3361
766
2056
2754
2967
1459
448
3588
2587
2337
2029
3891
386
2717
816
733
1999
3923
2189
857
2962
1980
2662
3099
1706
1461
590
2289
163
2511
3860
2189
2346
3812
3475
529
3442
1947
2270
744
3742
1995
3859
1835
945
1379
1083
686
3457
965
243
3548
1136
2228
811
2773
2811
1357
1332
480
2149
2804
3739
1334
1691
3206
2262
3960
1417
2542
2635
1589
2788
3765
2851
202
3550
1461
1099
2131
2352
2590
1441
270
2770
1030
1920
3056
2517
3716
1893
3027
1474
3733
3917
1666
1718
194
856
2662
627
2342
1638
579
2429
1309
2583
1677
1459
1130
2454
1364
752
2857
1264
1502
2086
2288
807
1804
2038
3720
2126
1890
274
3525
1402
1222
1621
3006
721
3043
792
3805
1586
969
56
3738
2226
790
1786
3837
3679
2350
3453
2138
22
818
1942
93
3895
3450
3478
2519
2031
1586
1069
885
3059
3469
712
2228
2865
2005
1479
2710
2834
2322
2127
2334
3276
3751
2420
1725
2023
1540
190
3999
1832
3697
2318
89
572
3693
2672
1704
1149
118
450
1950
2455
3529
1428
225
1387
628
697
736
3811
2392
2710
13
3038
2167
874
559
87
3435
2638
3209
2285
278
1025
2211
2646
3694
3580
3463
1899
250
321
3555
2845
3276
3632
1412
477
1963
414
917
2901
3999
2895
560
1877
856
1283
2262
1099
3686
2695
1375
1185
952
2788
981
1666
891
3326
2393
1126
2930
1228
1847
2340
551
128
2775
3507
2331
899
832
3577
1316
1728
31
2892
70
1247
3850
699
218
2885
2067
1825
3505
1647
2890
1042
2890
677
2432
293
360
3322
2373
2184
2720
2301
427
1773
1003
2341
1388
2771
3517
3257
2734
670
1554
2265
525
3088
3326
357
3814
540
1211
2892
977
856
2685
435
3571
3271
3213
1929
1259
3978
1227
339
464
289
3671
1406
279
2396
3647
558
913
411
2827
2512
2559
1643
1346
2492
476
1173
2685
2700
294
3040
572
3365
2992
873
273
2293
1119
1959
960
426
1656
3754
2879
2942
3697
183
