506
1358
114
39
1276
1
411
1127
251
597
114
250
1867
1180
641
661
307
1711
1683
166
1610
24
649
1693
973
1696
659
1628
1411
811
899
2000
296
1875
1529
285
1853
1014
226
1273
1768
655
234
1160
406
1566
1538
8
1557
1652
1206
481
1501
1668
1174
1677
1966
1000
1444
752
1043
47
1564
313
919
522
1100
250
964
255
67
69
370
1340
1261
1350
1374
259
1912
1540
681
1581
1827
29
1304
1127
606
798
1671
1509
83
230
1938
206
893
1428
1824
46
1681
1599
582
961
512
831
1734
1384
377
876
1703
717
1366
774
784
1875
1208
870
1926
1501
1061
6
285
938
1500
1731
594
1150
1772
973
115
160
62
391
4
994
789
551
641
136
663
1151
1409
321
1103
1709
1663
895
1492
999
636
736
1061
140
60
1371
1619
1740
920
1659
1503
1602
652
691
1433
1026
1837
303
1025
1140
885
254
310
147
691
430
823
586
1546
609
1241
797
1123
898
1633
244
764
1670
925
7
989
1847
320
931
1623
234
1676
1848
795
193
1029
157
1859
291
1227
755
1536
1672
1524
233
1957
76
514
1645
1108
1348
1762
1155
210
1770
1504
326
232
226
811
257
1301
339
1457
746
962
782
334
1275
1604
765
476
1844
972
943
1195
438
1224
1720
850
1040
156
809
762
1527
218
1348
394
595
731
1821
166
1804
890
1669
1925
1143
642
757
1247
1854
1542
1164
633
865
1962
1389
339
1177
1074
1729
300
1581
1797
1397
1440
98
1315
1216
1980
101
1567
510
491
525
294
1334
1876
932
1726
973
1797
250
1404
659
704
611
720
103
491
215
1874
1489
61
1029
850
1647
1334
1352
194
915
511
1239
604
167
883
1811
1564
470
1898
66
322
363
783
1178
892
1642
161
1413
1108
471
1967
841
629
1168
1845
859
904
630
1196
1606
1360
598
1492
1133
1283
153
529
1477
1902
550
87
890
1404
1920
1107
399
872
1832
1794
242
900
279
1533
794
1350
106
1764
1236
1879
269
251
1543
1728
519
29
422
1669
981
384
254
151
1579
1152
1972
1948
782
175
771
276
1537
1017
473
594
1506
1239
1321
812
10
1577
14
1887
39
1832
241
1095
1696
1086
180
749
1614
880
1610
1808
1857
1235
1845
1078
200
1030
12
1730
293
1878
221
597
93
1783
509
1145
804
407
98
1111
1537
338
526
66
1897
1775
396
230
1509
504
1054
142
1496
1914
1264
505
683
716
586
1835
1303
1726
1403
570
415
633
1358
548
793
1437
1932
333
1169
1115
1084
1815
739
280
1944
1581
374
545
899
1221
1883
1286
451
1186
234
618
181
1808
1139
1728
157
1919
1866
1247
1825
960
923
1899
1754
1192
223
381
141
1513
740
678
1116
669
27
932
1600
21
1334
885
1285
181
607
1008
200
1786
1568
1203
912
722
1378
1748
290
292
266
1395
239
912
1221
1036
898
1783
1562
1460
128
27
307
978
1027
362
133
1291
1983
1758
719
398
214
503
986
524
1510
1119
1918
253
935
1461
276
1270
1104
858
688
720
185
435
1940
268
357
811
131
1357
772
1681
932
1361
93
944
1850
1220
1386
473
90
1679
1724
1413
463
1058
1125
127
530
1083
309
560
919
1852
1805
601
1576
463
115
648
882
1115
1548
990
441
1881
620
1400
1644
1459
1362
1737
1340
1661
432
419
994
989
307
1741
1863
1687
1778
816
292
497
1929
1867
553
1432
1313
310
1169
1806
856
182
200
1382
1892
324
1351
361
1314
318
676
1666
1870
392
810
105
1064
415
657
357
1050
1050
1794
752
310
375
538
1792
1542
1112
1165
889
407
1774
1439
1341
1272
1763
736
1604
270
1581
1962
53
1155
886
1753
729
470
443
355
1797
1673
390
1342
1026
151
475
210
385
360
972
93
1440
347
1030
1645
783
1190
692
25
1749
195
1493
1432
558
1620
722
1573
76
734
327
971
1797
990
850
1858
1231
500
581
1101
1034
1661
1575
1086
665
1404
806
56
1462
521
735
1047
224
795
1691
1154
581
396
486
580
549
479
247
222
1650
735
998
1793
706
1364
1996
1983
1624
730
733
1698
1742
1737
178
1109
1460
486
110
1687
137
1965
702
1248
1913
1925
1377
385
1814
7
1317
921
1938
18
834
606
906
1650
465
1640
1240
1819
1944
960
1693
1222
1869
443
67
816
986
165
819
318
1665
189
1384
1772
1473
1488
171
1475
581
541
981
1551
26
286
154
582
1350
304
1432
1778
1578
1574
1658
1131
1481
1923
1738
156
1533
38
278
363
897
1370
109
182
1289
537
365
547
912
1821
155
1532
996
1923
1919
226
1421
1385
1191
841
14
329
333
714
1824
1206
1620
446
1447
1241
1684
1308
509
714
944
721
1272
1891
103
1593
1288
1604
1768
1104
1128
1743
1611
1286
978
1714
509
438
955
1380
1943
1418
1864
267
809
334
442
1395
1215
1349
1568
1048
681
5
551
969
1215
476
990
138
1326
855
1372
500
1564
11
1388
50
694
676
493
194
1745
694
332
235
350
365
1695
659
264
422
854
427
771
1919
1230
1436
192
401
1396
1279
970
1982
1046
1217
1363
1283
207
1279
1964
860
451
767
40
1252
1780
1065
1969
624
663
1824
462
612
1978
1048
521
1426
232
493
1371
1276
1549
1421
385
1304
5
1446
809
1215
952
392
256
286
181
678
1244
408
1870
1139
207
1621
1097
1939
1933
150
37
1872
624
200
13
1708
1847
1608
933
1636
244
1853
605
627
530
379
1496
1796
1330
1047
134
981
905
655
597
1437
34
1634
1131
348
678
1651
1655
1282
21
1506
1245
1837
1781
1560
1350
1452
575
1588
1331
1215
814
56
328
1732
223
530
719
1978
495
1257
502
1534
1442
411
25
1365
1246
965
405
31
325
510
1613
563
530
1068
1841
904
1602
1560
352
15
1499
1206
141
241
1310
1402
203
67
1845
782
1240
1928
948
1253
1416
1206
1197
710
1851
164
1974
218
1808
1621
412
1330
65
555
549
1553
1825
1796
291
1095
1073
1398
627
1335
55
1124
961
1261
1098
769
822
1974
336
1408
944
330
950
1814
1265
390
212
1054
1326
1043
552
1040
903
1760
781
1820
1658
1437
947
420
1381
1839
1456
534
1852
1892
1904
862
1883
709
1235
1482
55
1712
287
1641
268
193
731
473
712
433
677
1765
1278
509
210
573
1065
1596
233
1917
303
1388
1396
1133
1311
1692
1942
429
1403
1949
748
1138
655
1470
1120
1384
1106
428
1747
612
1791
222
49
175
1856
1133
928
714
52
368
581
537
1398
1358
1723
1045
1168
1765
714
1587
471
1868
830
240
1171
1649
1606
1939
1999
205
641
592
993
1026
1384
869
1081
320
1056
491
1294
295
1706
98
1333
1835
856
1792
1641
1945
1599
402
1065
1299
419
1346
1764
1708
1068
1031
1370
1343
1878
1426
952
179
556
712
1636
604
564
1552
829
69
855
1040
1447
13
817
1232
1039
1929
563
12
1423
334
78
311
550
1034
496
1656
1497
1762
1922
1811
783
375
1161
642
1105
1591
30
162
1087
314
462
1835
1928
1660
539
1050
1048
933
530
404
550
308
1669
562
501
121
114
32
483
1529
535
1127
1884
1551
663
343
459
1663
1358
683
1898
1711
1
1382
673
1437
1261
1406
1649
434
1801
10
430
541
47
1922
1046
249
205
1381
392
825
28
277
48
406
542
1450
477
1256
1375
345
1001
1226
462
272
1107
769
33
958
1290
1830
526
1942
1102
1191
472
1824
70
1403
1609
1770
266
1101
1247
1241
1005
223
1502
712
1042
1937
180
792
101
1793
256
1434
854
1686
374
1226
271
61
107
1452
1060
919
1589
1117
790
243
900
491
1396
1546
1505
1163
1586
122
605
1678
1730
1841
1166
386
1092
1248
1217
656
619
1680
1870
480
1110
1101
68
441
942
1944
1598
508
1960
740
1398
1342
878
985
806
1353
605
951
1459
551
1234
1547
1742
1630
153
1598
1269
649
863
1770
254
925
532
1455
303
1199
219
1191
1212
1934
1547
861
805
1534
1032
646
362
1220
1383
1433
1354
1932
673
871
247
1516
140
839
1441
1479
453
1650
405
1584
378
797
1831
1452
633
962
1818
680
1580
344
1393
1353
1924
880
484
333
1599
253
1054
54
1820
1687
1478
1416
1203
1156
1329
690
769
1217
1649
634
731
837
1132
1112
1871
1476
327
1298
1391
710
1839
74
1020
540
1872
818
677
520
652
855
556
651
133
1715
1273
479
894
1177
1537
849
1292
294
307
1990
1676
505
1994
672
1966
1502
1665
1124
1727
334
589
1795
114
1532
1799
1947
1143
1501
735
487
1588
457
1731
1486
1118
1216
1905
1932
490
890
791
1208
92
1748
1265
311
1214
491
1546
1291
430
1449
1210
1187
1514
373
713
497
501
1761
1050
860
1400
1819
1507
1065
1652
94
1598
101
1601
1420
238
754
49
951
72
1116
1330
934
889
1324
1629
276
682
1509
944
486
1613
1356
1201
743
754
342
97
1857
1689
797
172
977
1748
446
1130
931
693
678
1311
1982
256
1045
414
87
639
572
869
1007
1698
1269
1842
1774
352
941
1803
1785
162
1870
1057
599
793
126
552
1219
558
1323
1877
1855
1862
201
343
485
1774
1855
74
1118
398
1297
1852
192
512
921
191
715
1192
2
619
339
152
1063
527
1220
293
130
376
992
791
1697
836
188
1570
548
1007
1681
692
1016
395
1381
483
811
1547
1216
733
608
631
583
928
1418
1472
1701
1170
747
1613
1422
1670
1880
1204
179
1251
1250
1742
279
781
1163
1182
787
775
1187
39
956
964
544
929
759
741
614
427
1591
1310
504
969
713
1580
1114
1994
1205
1738
1223
1910
247
972
19
1050
1662
764
482
722
677
787
756
1306
587
1937
1648
1967
200
1162
1404
1277
1900
60
554
375
1091
1114
356
459
93
404
355
245
516
526
1961
373
1000
1795
1257
1919
1343
318
1987
779
575
973
1898
1807
675
970
16
426
1815
956
1416
305
29
1116
227
186
1790
1766
1101
422
1428
1592
455
1707
183
349
108
239
91
1920
1785
1642
208
520
1719
1914
174
1705
1917
283
1539
532
1995
157
1033
1733
80
166
1247
706
768
79
1345
503
1933
1854
712
447
34
687
1853
9
383
866
238
1399
954
686
238
1409
647
388
1364
1114
736
40
920
1751
1361
1014
1642
1630
1922
244
247
1435
1463
64
20
1637
1303
1088
831
1158
138
382
1619
5
1059
784
1277
1912
389
1481
1019
690
402
922
385
681
494
1296
187
962
920
105
1473
73
589
397
328
1753
6
533
203
138
183
1759
198
446
1529
1115
1349
1135
438
1280
1563
1526
623
1421
604
367
1072
1874
112
113
1353
87
877
1724
221
1835
856
682
1473
1154
237
635
1200
251
453
1214
406
20
1798
408
247
358
761
1533
32
