5226
6408
8899
1815
406
3532
2225
6583
5643
3678
8122
1615
1380
7575
7485
3985
4871
8854
7334
4734
639
2273
8315
3569
2402
2616
8916
7969
5075
7886
7737
426
643
3219
6810
7891
1311
4275
5086
6511
7175
4032
5636
271
3980
5042
8079
6762
8694
1486
4473
7924
3065
7137
505
519
667
3682
8833
3883
3032
2865
4467
8054
5288
3790
3101
888
8815
1467
5584
7101
6153
769
3560
1531
769
6565
2539
1506
3621
7964
5970
1507
1659
8915
5291
5353
6872
6223
1404
356
1508
7981
8141
3754
7003
2062
6051
872
5963
3214
1508
1459
655
1337
7144
2928
673
6029
5512
5391
2346
4016
6527
6710
3735
2767
6397
8432
4359
5205
8739
5954
7654
7768
4026
2086
8387
1258
991
2072
5772
5958
8175
1878
2942
3624
4074
2302
2301
4392
4265
4661
566
8236
8349
2090
1763
7702
2379
2485
2794
4460
5113
4948
592
3454
5409
4255
934
7058
983
8860
1560
5266
5248
2879
3393
372
5744
7003
333
313
7555
3976
321
5609
3997
8791
3630
3541
6903
1501
7890
7094
8151
4485
5310
526
2801
378
3988
3890
7871
6191
8837
839
2609
2033
1722
6119
6653
1324
34
4743
1485
5141
3793
2975
3380
4476
54
3173
7277
813
1487
4574
6234
4985
789
2163
3844
5550
8065
2748
4755
3001
4545
6856
347
5562
1460
7305
3727
3570
1592
1165
7805
676
6667
3490
8386
3317
8374
8176
3482
6969
2923
1424
3205
8145
7685
4194
7228
8399
4508
5080
25
4080
2672
6279
7315
2083
2236
1893
8073
6867
5266
8941
4910
6162
5159
6940
7957
5670
8999
3591
7650
6212
6106
1122
7894
2387
3489
7531
8577
4258
6149
936
1331
5987
3411
1881
2157
7658
8154
3385
7527
4207
7274
6073
2017
4093
81
4133
1718
7552
4065
4466
2103
7389
1114
7354
6704
7142
3296
8907
2824
3097
8369
3431
6864
5303
6148
7230
8841
7400
4838
2874
3575
4467
8068
7062
1717
7227
1572
3035
3424
3887
5576
2064
5278
3495
5304
6567
8760
4580
8406
1052
7319
4693
5642
5251
8221
6259
4541
3746
7934
5079
1467
2953
2865
8807
3954
2612
7222
1871
5698
6606
2398
2408
7834
2343
38
6311
8236
5885
5726
1787
4729
5830
7551
429
4409
4406
1064
58
2883
2362
4225
6400
7959
6414
7339
4369
7301
306
5305
5665
5024
7550
5993
7407
6412
3475
942
7660
3834
6239
6675
8321
8609
7756
7973
1477
8981
3356
3786
2168
3318
4782
2464
5535
126
1022
7756
2045
5756
8247
2777
2898
8
920
8525
588
4558
1378
6002
7232
7951
8789
7339
6706
3441
8842
874
2039
6470
8118
4614
6649
3887
8964
4056
7119
3110
6260
3397
2168
1676
2124
901
2615
5352
7928
4779
786
1922
4583
4521
5170
6700
3246
2548
7772
1804
6214
1274
1557
3813
4870
3308
8621
8597
748
8556
6519
3465
2339
7293
2128
987
198
4549
511
4981
2492
4722
5967
8208
4365
4011
3073
6363
1118
5103
721
6620
8452
7223
842
5134
1252
4713
5665
6675
8533
7367
4781
4550
6701
390
5174
702
4203
1763
7009
2460
340
8135
8093
2899
2696
483
4750
6296
3001
7383
8070
4624
8562
6464
7510
4677
169
2225
4458
560
6448
5168
7785
8871
6340
2822
4889
6944
3381
1449
7911
3741
6008
1775
4308
1524
1283
6691
98
332
4175
2893
7891
2888
5246
249
4911
2546
1670
4776
2278
4557
8187
7600
4351
726
8512
5915
7710
1808
7350
8017
4870
3966
1992
4473
3112
1315
7422
6130
4755
8730
2667
899
6860
2972
2254
1003
1575
5495
8070
1835
3825
3974
1355
4460
4171
6257
7648
6068
5291
271
8096
7570
64
7932
517
333
7020
8595
3824
5601
1751
2765
5543
5989
5314
3240
5498
2850
435
537
8847
4202
2330
703
4620
5267
7286
7763
217
5849
2731
4804
6354
4828
5919
7103
1350
4386
3211
1862
5043
2500
7236
4322
1113
8754
3452
7409
6533
2685
5106
751
11
7755
3116
5402
8023
3192
215
5946
3919
7922
4774
2092
8604
7624
6237
5849
2713
4994
4055
8269
4751
4853
2689
4100
1599
430
3109
4371
8962
8928
8993
1535
3001
2217
5328
1683
7941
1204
2759
6033
2378
8976
3221
3237
2189
7447
2990
7189
3129
3697
815
324
6897
963
6363
3462
2333
5753
8069
2958
5383
7981
8256
1612
2026
3969
2642
4905
6930
6850
6021
3240
6976
5997
8872
8118
7672
4834
7920
7719
4639
3340
3135
6794
4591
7729
3373
7971
4702
2054
5720
8232
2674
8636
5045
564
1476
4372
1774
8436
2009
2079
3320
6741
7852
8970
4060
1823
7504
4450
7463
2874
2214
1303
7124
5795
1546
5632
403
5117
972
7838
4259
7976
2039
2759
7131
5448
5972
4354
2267
1878
5021
6587
3692
5448
6663
5303
7056
7284
3623
1190
2540
6677
3886
5048
4313
7404
945
7483
320
1596
7242
2458
4110
5684
190
4909
1715
8810
2079
3411
3882
452
8229
6897
6146
3711
5728
8790
2060
5751
4225
987
4122
7659
6629
6558
46
4957
3600
1711
5353
5476
1850
6826
8144
408
2820
5907
868
158
1671
2309
715
6484
1775
7454
8979
780
6824
3093
5607
5419
6537
314
4880
8565
5800
1261
1803
3636
3185
2970
6736
2238
6962
3939
2898
8199
5001
7469
6513
3419
2823
4114
7033
6106
3091
2016
3110
1760
4816
5632
4541
4005
5495
5327
2370
6838
3351
5637
4689
4165
3569
1198
6108
8647
7433
915
764
2219
5623
8838
8429
7146
1267
8116
547
7957
8939
403
5764
3704
5399
2941
2323
8868
5159
1744
5122
6507
2891
2248
4331
8485
799
8901
5337
6116
3494
4706
1554
6367
1253
8865
2316
1436
8620
635
5326
5078
3589
8336
6679
2225
1873
2055
8460
2153
89
8442
510
7417
3604
3855
7306
3406
394
7564
6890
1330
4156
4425
2387
6870
147
4795
6773
5110
3477
419
288
8443
8576
2006
8438
5838
1882
7612
8785
2970
2508
4674
2192
699
50
7569
8796
563
1576
8301
3788
5008
3515
8968
5711
2761
1646
883
6233
1857
465
1596
8938
993
5909
90
6497
1732
4486
268
1324
4303
3899
6386
7780
6868
294
4901
7078
5955
5811
3041
6411
2928
3609
5924
3807
3135
5907
162
5170
8542
2614
1727
8106
3171
2336
2851
7676
4227
6772
4181
3624
1192
4831
2924
8247
1030
2440
7188
2812
7995
3575
3586
1349
3703
836
6647
3656
6536
4897
7264
1863
6192
4700
6038
2274
5906
6198
2300
5932
1140
8520
5938
4856
7975
2150
4182
8343
2926
4350
7037
5555
2198
3297
1552
4887
3660
7814
5528
1574
4657
7918
8
5580
3462
2000
6879
5009
1119
2074
8772
3822
2363
4155
580
1905
1113
1233
6031
4864
6286
6434
5886
2634
3584
7892
6137
893
483
1749
8523
7787
6476
720
5792
3155
8543
6956
3552
4165
6683
1277
4753
6013
7561
4641
3106
657
8378
4891
4629
4764
8271
6430
5852
8686
7400
1028
773
3538
8952
7045
3744
3410
2237
1178
1212
1652
6021
2914
2299
6629
513
6120
8160
4648
279
1567
6804
3371
6807
201
6820
1066
171
2444
8016
792
1426
2381
313
5900
6201
7763
1517
761
4247
6120
3353
3926
8857
3312
3998
4755
3087
4119
4994
5539
5911
233
661
6672
3277
3896
7281
4163
1721
8857
5754
2474
205
7352
3252
6764
2797
939
8965
1561
2644
108
1436
572
3428
1193
543
2696
2308
4993
587
1108
4738
4341
3345
6885
472
7493
5279
374
1497
4801
2692
8624
133
871
4245
4752
4294
2829
7335
5618
6487
3486
604
336
2479
3484
8158
7524
3859
530
7338
4717
25
545
3760
5798
7565
8845
2182
4916
2225
2176
1475
2113
3863
8045
7232
4249
7862
6671
3650
2017
144
4079
1957
5581
4320
7814
3316
7704
4518
8147
1878
4256
4597
631
5606
6379
739
2803
1312
1915
8726
3051
2775
3887
8173
5277
6105
7397
398
7891
918
680
481
3218
3447
978
843
8183
7534
4146
7650
3440
5643
1551
5851
2247
5682
578
1650
5588
3881
250
3883
3666
5654
1352
2665
4072
5677
3289
6639
8996
7226
6087
8263
8020
7660
7805
8598
8813
6483
651
8724
2439
8042
5002
1107
2036
1056
6284
4731
3604
1465
3697
5298
8648
3412
1099
2428
670
910
3934
2483
681
1073
1926
4564
3878
741
4442
5073
6448
3824
8058
4765
2102
3962
422
3084
8652
3219
6702
4225
1035
8471
768
7458
7136
6754
1162
7516
601
8414
7905
6328
8831
1316
5254
6832
1490
2862
6517
7127
5471
4591
7207
2888
4207
4934
2593
6305
8559
275
1463
2077
1261
5420
8923
2149
3982
2899
2630
8781
6735
2620
1502
6713
8742
5859
1417
975
727
138
6804
2637
8703
5086
2647
8058
1130
4031
7519
1307
663
2812
7440
5946
4599
2612
2242
6519
2892
4251
3948
3593
3400
4222
7370
7448
2044
2742
2892
5941
3301
183
2739
1405
2864
5801
4887
8166
5448
3969
1952
2176
8926
2121
3259
6249
2588
3961
6758
5635
6576
2241
6292
3190
1448
720
4717
6143
8289
2616
7549
8966
973
6813
6267
189
1970
5198
8405
2888
6732
2083
7543
5717
7847
4476
1033
1903
6348
1473
4486
2962
1952
1774
2968
1645
2508
443
2449
8068
3845
6008
2393
6427
6478
1585
2359
8257
787
5186
8290
7058
5649
7942
6419
3217
2248
8043
1912
2270
3318
4641
113
7107
1992
5818
7372
4053
2397
2271
6997
6945
7652
1138
6782
2759
286
5930
3540
7043
5805
6361
1460
5311
8924
5035
7599
6016
8032
7861
1718
8804
3481
1401
7921
4988
5742
4424
7220
8367
4782
14
4308
8000
4882
827
1646
4517
1159
1225
2375
3169
1549
1106
5221
5478
3060
2293
3901
8538
2131
2881
4581
2884
153
2229
752
7802
804
1628
2161
6037
3049
2458
7795
5322
3297
3094
4460
7509
288
5501
8248
7339
8855
1415
3881
2555
4524
3473
1763
2543
5970
8140
5602
7866
1447
590
7267
662
6966
3069
6381
775
8557
2711
6899
6322
8559
8818
708
4590
7348
2788
8776
3021
455
1636
3636
8340
3501
3574
6455
2569
7040
8616
7606
1648
685
3716
2024
2504
6208
7473
67
157
6652
6815
48
6178
8359
1690
5849
7988
7693
3355
4926
5234
2201
8546
379
4686
4204
722
8327
8879
4033
6141
7919
1633
3233
8693
2573
508
173
581
4072
8840
6248
878
5387
7781
6720
8504
4918
109
2499
6512
5336
4684
2781
4561
7793
7163
2772
5287
8378
2319
6075
8019
6039
753
4675
7107
8803
3544
1783
6363
7171
8877
300
675
6803
4526
8846
177
7943
1656
8796
819
1396
7514
4981
874
3098
5707
6195
6906
7958
7310
6785
5484
7965
3589
670
6752
933
548
2483
5445
6970
5525
8230
6517
2943
6797
3561
746
1423
3548
3591
8703
5308
4258
5835
1760
879
641
785
4620
2406
2535
5857
3762
467
1516
5393
2640
7905
3248
8069
4360
2754
295
462
407
2126
8501
605
361
4584
2918
1337
1267
7041
6546
3170
3781
5311
1456
6829
8100
7907
499
213
5373
7408
2821
4076
2358
7646
5639
8665
3204
6454
1815
6554
6369
411
4889
1702
8406
4156
1422
2825
1952
5605
3783
5188
5102
7999
2555
7144
3164
3167
754
3014
2318
6242
295
7909
3375
6111
7826
1165
2724
608
279
5736
3104
5921
2735
3072
2852
7694
7905
7414
938
8423
522
5456
3776
3960
2676
6826
2238
3073
3502
5884
6941
5630
6287
2555
72
1694
7733
5332
7600
3599
2370
4910
6138
1736
4623
8757
3222
2141
8759
8036
775
8140
7150
18
1471
8494
424
1891
6828
5164
8920
7405
6725
5910
3358
8760
4711
4226
6739
4424
4467
1677
6828
8931
4410
3604
1320
108
2921
6428
5445
8039
6892
8946
2062
3486
585
8256
4510
2005
5306
712
1378
6565
6138
5368
8341
4775
8840
7285
8175
2811
7232
6293
3563
524
8345
6504
2851
853
3351
3890
490
5672
5074
425
8584
3749
7623
6245
6186
4010
3855
1037
4267
4939
595
1926
3326
3554
3309
4953
1570
8099
1935
424
2635
8277
8500
3242
2099
7435
3279
5369
4021
1101
7489
2158
7225
5725
933
8201
2442
5134
3481
2066
7842
6632
5039
3223
7142
7296
3354
6744
6766
2376
7901
6634
6459
74
820
1353
5222
4230
5517
1177
1176
6454
4422
1343
7786
3097
4236
8832
1038
4537
1568
2125
2240
2969
8729
8564
8236
8081
8656
2828
3554
4370
5406
7047
3401
5034
2170
3032
6557
5014
1078
5977
4111
4726
2026
6738
1446
5253
4597
8664
3528
5932
8524
8898
8064
870
5169
3169
7821
582
7311
5355
4060
6987
6895
3685
1113
5678
3432
4402
7330
602
7184
153
2997
4548
4296
7693
3696
1538
5963
448
2191
5520
7641
7592
6366
8740
6655
2337
905
2138
3573
2014
968
2905
720
7816
2241
163
4052
8403
4596
5413
8207
8394
1582
8522
8531
817
1582
4217
3183
3425
2060
612
6954
8680
7039
6786
943
4543
1617
5007
2537
1673
2184
7837
2313
1272
1710
3935
1931
1672
7477
6999
6192
5737
449
4844
617
235
7980
6399
5164
1078
8695
3296
6604
6080
3002
7141
7807
436
2842
601
5546
2845
655
1908
5351
8120
6650
6438
6301
8957
1483
290
6214
5958
3588
6723
6909
238
8870
5231
158
3870
6889
5626
4808
3615
7381
1604
6395
4374
2063
2174
129
6495
7327
1746
1346
1413
6357
8194
1093
2267
1934
4909
1975
991
59
6530
588
4228
7390
1228
8750
5678
2122
870
7020
2419
6996
8768
4966
2494
1993
165
6460
5438
8812
2121
1354
647
468
4521
7819
5058
4798
145
4608
4090
5050
4484
7901
3841
7492
4409
8757
5847
8660
3501
2612
1227
7698
1666
4735
3285
8894
2137
3662
6929
4408
6969
6558
7483
2152
4559
2787
5781
4576
3301
7588
7225
3977
6008
6996
8756
6792
6502
6740
7390
834
4924
6126
3505
2545
4606
4421
7339
8560
106
3289
8462
7881
7490
6010
3404
1507
410
509
6314
734
1090
4079
137
2876
2858
2038
7753
8640
3011
3296
1225
7845
3799
1117
5761
2185
8918
2052
8446
812
6992
2098
8333
331
8447
4010
8026
4335
4086
6153
2096
6229
4124
3726
2892
7150
7396
6412
3050
6830
3684
7730
8579
7118
5000
2753
6985
261
5091
3525
57
7890
794
2773
1158
2665
8065
7520
7820
1378
1057
7488
1540
7226
5854
7259
7415
7621
5266
3747
5642
8533
5639
7921
6085
960
7053
290
7817
2262
6703
7869
3062
3250
5543
2345
491
8321
4941
8413
4964
3376
7347
2293
623
5432
4219
5388
1317
2562
2607
887
2465
5830
2711
3855
5405
2323
5221
7543
5057
12
589
5076
508
1831
6527
8139
8211
8118
5210
331
7969
6557
7760
1759
5480
2487
8768
3269
5430
5941
7554
2633
1905
3120
3292
8452
3449
6126
7945
487
4855
3364
983
5939
5896
8983
117
6538
1347
884
5587
958
2449
4062
2839
2178
6534
2009
6961
6862
4191
7562
5989
3085
6666
1522
5118
3503
8443
7168
7321
3722
7432
2071
8029
7243
2322
3758
3350
6885
5538
4476
1651
1257
1753
2049
4710
6572
5404
5690
5480
275
5450
4000
1071
5044
137
7652
5187
77
5732
4892
3105
4663
4398
1770
6318
4610
4539
3023
7407
6274
5487
7068
4359
4490
5901
6800
4299
4636
4467
407
6822
1617
3300
6206
2119
6650
7298
5523
4579
1074
3032
3247
1777
1546
6179
2282
6265
5226
3961
2137
3866
5742
2142
6468
7283
8946
1013
8859
5812
7810
4480
8380
7729
2124
1702
3634
3410
3983
7100
335
3964
3452
3548
6966
2839
7831
8485
6340
438
37
8801
8745
3192
1915
5527
4598
251
4140
2364
6847
3305
1403
4692
2946
8998
1801
4307
266
7348
8019
3239
7178
3649
2374
7210
3709
6281
2743
7973
3475
1329
3217
6864
3641
4403
669
2099
4707
7034
2223
3856
3388
1304
1030
6049
3840
2434
1905
1613
2891
4151
479
1415
3904
2329
1251
1167
3637
4855
697
2638
1377
3089
8676
382
4116
7673
2043
2697
2447
4919
1346
6887
4133
3762
3520
1774
3698
254
4217
4090
6581
4234
3307
241
5693
1724
6832
4539
7241
8882
1017
1492
5702
4677
5610
1302
5364
6854
4684
6919
3992
4035
405
8714
175
8409
3448
8710
8574
437
7534
789
8518
4007
2587
3925
3243
6116
3761
1267
6885
7566
7468
7714
7259
196
8230
6153
2836
2892
2008
2831
7969
5558
7507
4846
1451
1742
695
1282
4546
7889
256
581
2319
4932
3887
2249
2820
6126
5846
6118
190
3598
186
6502
2708
7956
4717
6886
8743
3965
4147
5789
7190
8301
2711
2512
854
4347
5897
5687
3992
280
3002
8227
3121
8277
8271
5733
3748
3877
7282
7079
7076
6152
1657
4651
8684
524
3041
410
4458
7754
3380
1353
1355
6056
3620
5324
1126
4306
3868
6175
2203
4865
6423
6076
7302
4361
5824
5042
1758
2215
8740
7736
4328
6328
3298
1497
4965
2396
4243
5158
7551
4252
1024
7937
2474
7129
5783
1682
7162
6051
9000
6339
2369
7187
8904
2329
7868
4392
8593
5982
4882
4856
1487
791
6512
3032
8119
2757
6287
8038
6269
929
7634
1310
423
6720
8927
6909
7050
7849
8736
5304
4568
3478
994
5846
4020
8191
1915
7287
4694
2501
2436
5613
2477
5799
2508
8355
694
6477
5527
4665
1554
3076
1793
4626
5315
6148
8471
5348
7741
8004
5551
8152
3491
2815
3444
775
7773
3783
7746
6389
3468
8523
753
8798
2332
4639
5191
3691
994
5851
3777
8897
7965
6058
4202
3636
8950
1485
1193
4503
1195
2894
551
1791
345
5542
7106
4893
7700
1725
3805
8906
2228
331
6478
1828
1059
2147
6068
1232
2843
2446
1190
6163
5112
4817
2879
3368
8543
1122
7831
1997
4463
1706
2025
4018
3933
8439
7992
882
8687
8129
8091
5860
2234
6292
2681
6774
7940
5688
6960
7720
5543
6771
7335
2133
1294
4563
3958
3861
8401
4138
1944
641
6621
2804
2630
2845
4049
3290
72
3242
3892
155
7074
1078
7840
7761
8423
6939
3251
1321
3373
4877
5269
2350
6846
6661
1039
1952
328
4100
5461
4007
1036
4087
3219
1154
8740
1621
6075
575
5333
7036
4454
221
6897
1348
1954
1465
3608
8053
6868
2921
7916
4865
3290
1039
8194
2136
107
482
4415
6879
6494
7555
7334
5780
4736
7743
8772
8714
6429
7601
2145
6880
5894
1581
7325
5364
2232
8731
3743
2503
6523
8913
251
5309
2435
8014
881
5941
6484
4551
8474
3122
5517
1943
4481
1729
4866
252
8689
529
6039
3192
757
4700
5657
5230
1566
4914
7988
6462
754
7624
4734
8267
5913
8304
2838
8624
3541
5
8063
8696
6970
521
5697
5402
8018
8653
2495
6687
5434
1858
3982
5400
3768
5302
4726
6189
2571
8808
7559
5524
2105
178
4610
6754
901
7710
3258
2283
8641
4737
6770
1143
3948
7503
6857
7300
5872
8944
1621
3423
6160
4643
14
8089
8556
4734
956
4144
3627
7088
8660
1875
7401
6660
1438
3763
732
1032
7898
2024
5588
7620
2625
554
7647
3620
2785
7525
1915
7665
1785
2654
5282
7357
1580
90
4744
6978
5692
4590
6315
3611
646
1380
5745
3101
7085
35
6434
6573
8984
498
4068
3199
2041
8953
2027
5529
3958
8089
8122
5483
1481
3208
4490
8828
4561
6284
4040
6443
7058
4644
3544
857
2772
8310
4337
553
8267
8412
6791
887
5432
5300
8045
8642
1303
7844
6581
1573
7867
4318
8248
740
7239
2869
4088
5295
4702
3366
5522
4075
5047
1450
2331
4295
3668
4612
5560
858
3796
8801
7790
1792
4809
7632
3132
7380
960
789
6689
8255
2355
8036
3821
6149
6931
5032
1345
2168
7981
2424
7207
4820
441
756
5699
2443
5117
3521
8787
7415
6168
2205
2570
4841
3818
6271
4390
1114
300
8654
4799
3065
6128
2239
4179
1751
7973
6521
8154
5968
8983
1234
3965
6229
3034
4570
2745
956
155
3107
415
8265
3698
6746
201
8160
3160
5535
387
1023
7346
8003
8232
4715
775
20
6499
7750
5630
3939
7086
2725
3782
1542
2941
8626
2298
5122
3011
1158
6855
1756
6145
1348
207
8851
7448
6573
3022
3437
8320
3584
4978
3642
4662
3579
4501
4196
911
5974
2955
1282
6496
2927
3733
6767
3646
5946
3398
6749
7094
2693
8318
696
347
6225
5013
3910
4595
2218
7162
8514
3238
7739
8324
7805
942
8080
5142
1446
4129
5934
727
1117
5145
97
7622
8621
2680
4147
5619
3020
3568
8864
8267
2819
6578
6713
955
6484
8855
5016
381
4928
5721
106
791
3790
364
7253
7128
4492
2029
5294
68
4594
309
794
5326
1801
2844
1583
8193
4031
7404
7581
3526
4887
350
8000
3268
2978
8661
3286
6286
1148
5056
5988
4135
6725
1852
2440
1681
5126
2475
3401
3104
4717
8648
2700
8634
1393
1412
2902
8748
6938
8954
2282
6712
3348
263
7895
5288
3626
2559
1821
2478
7331
6021
3857
2561
6158
1492
2903
3883
6345
3559
2399
8862
8929
8866
5544
2279
3231
1171
8245
8144
5612
4868
5434
7153
8333
1505
1256
8769
1520
3994
8466
2195
8021
3751
4782
4898
7962
7247
7841
1964
6349
8082
4260
5494
4915
3687
5558
551
7834
2037
664
8017
1525
2165
6809
4082
8056
6799
952
3998
6567
7803
1929
4941
8582
4673
550
6395
811
5696
7068
6414
4203
4824
5338
4895
2747
1736
8882
6859
6200
2787
5544
507
2576
6920
5696
7230
8119
1458
6258
3111
5238
6143
8518
160
4637
4059
7940
5826
8771
6655
4317
8743
2081
6196
5160
7711
8164
1715
6180
114
1431
6908
7401
6109
6927
3914
5307
928
2858
3604
697
6373
6987
5438
5974
2500
8065
1326
1604
7376
27
7528
189
1627
6504
8870
3840
3683
4361
7896
5014
4140
3088
1474
6397
2616
7052
5540
14
5165
8544
7131
4077
1841
6124
8105
3932
7589
3732
2443
487
2409
1541
4382
7402
5321
6296
7307
7519
4488
5977
1571
7187
2913
1126
435
5118
8161
6343
4952
5569
1078
4652
3602
3835
3358
4120
6836
1733
4495
8316
3396
6421
2006
8947
1851
6870
350
5934
6400
2823
8517
7219
3734
6149
1722
6837
45
651
6374
3357
419
5295
1867
8905
7269
443
5694
6253
7782
8162
2999
4800
3328
51
6090
3791
8924
5353
4510
8225
3410
3701
8969
8872
6115
8117
7471
7456
7399
64
3926
2459
1875
3589
7062
8352
1365
8044
8886
3049
4818
1811
1389
1313
2553
3361
7182
6639
4885
5321
578
2786
7808
3036
5644
2355
7361
2369
8692
7976
4583
3168
1350
3274
4210
6340
5924
1898
8068
5597
7189
7597
2582
1667
3831
213
8885
2214
6963
6903
7013
6957
6193
2245
2722
4522
1593
6262
5485
7913
676
1579
3383
2563
2480
2626
5879
1600
3480
5950
5601
2825
521
584
8091
4860
1763
2311
1849
536
2199
4353
4185
7483
6158
3009
5947
4555
2888
5419
1695
8863
3683
7446
8441
5764
3265
5864
6120
2457
519
7478
2232
1266
3803
7317
8314
2486
2481
3263
4843
8638
5357
8539
8580
2343
2298
3542
5855
297
3001
8320
8700
4476
5251
1214
6095
3830
2550
5533
7268
5931
5525
8249
8896
4931
4027
3572
3844
6421
978
5440
178
7305
3209
2506
2490
5246
5792
7508
3455
1878
3186
7039
4577
3734
4805
8092
3477
1398
1142
6440
2607
4940
3038
6327
7124
107
4567
2881
4350
86
4283
6998
4318
3267
8117
2338
1397
4015
3282
5949
4086
2427
4396
3980
3070
7911
3313
1602
219
5658
8001
5910
8937
4388
5635
5065
5284
6264
1788
541
2670
6148
739
6216
2881
3015
4883
4694
163
7474
3451
1134
7284
5118
2078
8478
1325
5845
1148
5443
2127
4502
1735
5844
2261
260
50
3085
5784
1476
7251
5893
7639
7063
995
1005
6133
6895
2446
5843
2756
5970
2868
3222
3741
7680
7633
7146
2028
327
3042
7371
230
7603
8870
6013
5848
6093
6205
8860
2943
6519
8458
6126
3072
2120
5572
2464
4763
6353
8451
6821
3584
3723
4394
3138
7
5380
5102
6165
1227
6505
6561
5599
163
6500
4025
1216
7354
6619
7063
2420
312
372
856
2680
3379
3583
6589
6486
1837
8313
6040
642
2051
3539
3965
3885
2769
7612
7759
914
4015
2094
4329
744
7506
1907
5022
4469
998
6076
4497
3786
7191
8484
5213
3775
1104
5653
3407
6719
743
7442
7730
2055
6404
5883
6429
2561
8670
525
7468
4716
5338
6808
318
5206
3272
4855
8657
3927
451
1496
2477
7955
4684
2676
695
3629
7098
7676
1145
7670
2665
829
2604
1037
8258
608
2624
2596
2378
5481
6434
5218
6973
8780
7198
3338
5156
3394
4762
6881
4254
4355
8508
1502
263
6909
6517
7351
3785
6811
8676
1931
8432
6084
8621
3748
733
2075
2755
4296
5029
1558
4784
1725
8345
2805
2335
3449
2469
1204
2533
4315
4633
8382
2884
4024
7766
3347
25
47
6711
935
8163
2017
4211
4207
953
5607
4648
2726
1479
4554
3212
3329
6557
236
3123
8044
2864
6854
8282
2756
2657
1643
4365
9
6729
4409
4870
1908
3729
4986
8360
1149
260
8409
5719
5350
7950
3271
8461
1240
7340
7529
301
2400
3953
1843
1816
5382
1283
3228
7616
8532
8234
2629
1517
8536
7216
4508
134
1440
4669
4215
5311
2417
7046
4105
4063
4297
3837
8840
5185
1251
8258
1334
4459
3528
4305
269
1402
8116
1422
1980
8861
1292
2439
743
3727
3002
2519
8815
728
3262
88
5131
8165
6514
7559
5053
5650
3149
183
1295
6532
4841
22
2723
4415
2631
1298
1736
3838
6896
2509
7758
7112
7108
6475
7500
7273
8928
5281
5930
2591
1591
2578
2739
5144
2536
5576
2956
6920
4678
1889
8353
2843
8242
5662
5265
8020
3470
7116
4535
8110
8800
6866
1299
4857
1868
8244
3835
6003
5173
2817
8740
8982
6801
5257
8258
6368
7754
3126
8123
3693
2630
8967
1224
8217
1355
1328
6724
648
3069
2170
3954
6783
3944
6858
2236
3362
1004
632
5993
4517
7667
3947
5711
7475
4723
2507
631
4778
2153
3822
1274
5055
6714
7605
4149
8454
1289
494
5914
1899
8370
3633
5399
4766
6208
8418
3772
5126
6238
1147
8010
5216
1945
5263
7913
4571
4074
5634
579
8910
8410
5004
3854
1974
349
4158
4107
7264
1242
6026
5827
6953
1675
1176
1762
8416
2173
8234
7486
7817
2566
448
6610
5815
5236
71
4089
3133
6546
4945
6613
4309
4316
6245
312
857
721
4078
7287
4511
3574
7106
1726
4871
8861
8774
8098
5797
553
1088
5993
913
1729
8145
23
3973
5300
3217
2823
4819
7246
2180
6393
6256
6772
1464
623
8881
56
3505
3899
3565
659
7160
5018
6390
1967
2916
253
6078
6802
7206
2603
6819
3887
3097
3427
4553
6709
6585
1666
476
2827
5974
2171
6918
8081
6780
8356
5395
7839
4965
4037
7030
7617
2164
2201
1350
7803
6822
5947
4553
1858
2980
8321
5948
8905
4360
5699
878
2238
7524
8328
8931
3641
5173
3741
2927
1706
7759
1659
3061
5140
5081
7199
4924
3794
424
3114
4810
4093
3030
7389
8187
7523
1602
1724
5348
2849
7208
8937
4659
849
8598
5421
5779
7701
6303
7790
397
1242
313
4285
7916
8994
8504
8447
6772
8645
8711
813
4838
2754
111
2965
6660
4975
2470
8085
2244
4321
4994
7198
1364
1675
5781
4484
8522
2486
4249
3420
8805
5217
5782
8606
6977
8028
1256
3239
1059
6617
1249
1206
68
5755
4639
6143
40
501
8963
3022
6832
4656
8750
8321
6929
897
8618
1854
3956
3008
4398
6449
2400
3027
1898
1561
175
5676
4257
2771
4429
8422
5857
1644
772
5905
4146
6242
5764
4871
1394
6251
174
3422
618
246
3488
8130
8550
8677
5910
2346
2686
1478
4556
7682
6718
8727
5360
2711
3803
294
7614
5804
1559
455
5921
349
3065
8692
3470
4897
8468
8163
7690
8883
1688
4814
6467
4096
530
3560
1343
4360
8718
7149
7429
1809
2998
3341
7884
8758
722
474
2918
408
6642
4856
5088
6809
1752
4995
7386
7233
7290
5731
5784
5788
875
8430
2682
4339
5552
6818
480
6208
7031
2198
3986
2277
3269
6427
1073
2465
8505
4061
2597
3387
6383
7829
3294
2642
8003
2349
8044
7158
6655
2713
3592
176
1189
8747
4244
8306
2903
735
4459
5055
7345
5481
5533
7940
6006
6071
853
5815
2261
4722
3427
8549
7406
678
107
587
8870
4345
8699
5088
1372
7594
3327
8406
6717
421
3964
8130
1353
3790
625
1616
8637
3476
2462
4208
6510
7166
1797
2423
8648
386
3689
6069
7497
5874
716
7963
7825
8800
7325
5865
7317
5931
5380
2624
7642
6212
1217
368
4227
7125
7772
8567
6309
6339
7912
8961
3382
301
3955
6273
7588
4970
3514
5299
2669
4325
535
7156
6881
4631
6750
2239
2271
1572
826
6074
4872
1295
3459
3768
1505
6549
1719
2806
8402
2408
2445
6691
1469
2978
8911
8440
2757
806
477
7057
4701
407
3768
6824
4715
6574
202
8612
8643
3873
6134
612
1058
2754
963
4119
7719
1840
5103
4489
7884
3492
8965
2041
4398
6827
333
6830
2294
637
4507
547
123
1251
6997
964
3020
7229
3906
5103
8113
5315
5398
3077
7053
1860
5816
133
5878
5384
7825
8363
928
8843
8610
4013
3134
915
6192
4355
4907
1171
1834
3762
4123
5038
4366
3989
1895
7224
1406
902
7924
3889
7056
7864
1424
2855
2977
1857
3536
6113
8832
4149
8696
4200
8
5102
8122
204
1290
7185
8079
7863
8572
2015
2897
7915
182
8041
5674
650
5343
5058
3707
6605
5327
1622
2943
7825
3037
5469
52
290
2531
1738
3961
124
5424
4001
6942
1356
8401
5268
54
8301
2316
1328
2684
3270
4131
7251
4988
8092
3961
777
8049
567
1255
162
618
8966
1310
5874
769
3161
5513
1264
8590
6572
7993
7416
7411
5073
1608
5674
5581
2868
5600
8904
137
5989
3451
2378
903
4490
4749
1471
5497
4434
2286
7627
752
347
5875
2951
434
1401
3599
7501
7156
5063
642
4061
3260
693
7987
1841
532
199
260
3469
8561
8255
3450
8888
5521
6284
8309
7825
2461
5558
6194
5367
7083
3480
3957
4743
1837
1304
5528
1250
3722
5496
4808
1775
5151
3128
292
6776
6414
4959
2413
7723
2058
2525
2993
89
8221
3937
8208
8180
6317
5687
4693
4562
3337
8827
4892
7206
3532
1411
1460
3654
8197
3589
1932
112
1265
4320
3463
1606
4707
6886
2764
1737
6066
8487
2391
6157
5293
609
3575
3613
4381
2060
4552
3716
5669
6864
4016
7086
8794
7602
6183
1254
203
1971
8121
2296
2788
7466
8530
2092
405
8721
1985
6362
5162
7378
3249
7806
2856
2679
196
6964
2884
886
7666
78
711
1841
3890
3876
4684
8702
830
5202
4832
3562
3350
3454
5883
3752
6854
5355
5566
7229
5263
6075
7390
5828
5910
6245
5338
552
6500
3254
2460
1862
3187
2767
8063
6449
2795
2638
3476
5111
769
5139
904
7340
3390
3410
3691
3866
4706
8557
1949
2922
8964
6510
2744
7445
8309
3845
7215
1352
5195
400
1434
4131
5882
5147
8139
7338
5080
4153
6624
4067
6005
3270
8483
6227
5612
5997
3816
937
8762
3249
7413
1398
5092
6709
8300
6197
1122
5595
8932
7743
58
4275
4047
8808
6221
1899
6891
4575
8545
1322
468
1356
8182
2001
7180
6662
6619
2797
107
4676
5517
834
2960
7291
5947
2279
1622
1433
3027
4616
1230
7198
8808
8530
5636
5456
1380
4290
2972
2327
5937
367
1633
6449
2914
3443
4646
3629
3288
1196
1697
399
1932
6132
2777
102
6769
1860
1402
4656
5283
4541
3882
486
5446
3737
2674
3218
603
346
39
5065
4226
5596
8334
1815
4007
6740
14
6540
6991
8409
4912
3150
1011
4932
817
2896
3763
3486
1072
6872
4930
8992
5916
3378
7413
1813
4069
988
2816
8230
1490
8208
8826
6679
476
7394
8101
310
7870
4512
5127
4296
8082
2685
3245
8844
561
958
7456
8221
558
5728
1040
5305
3310
4062
3307
1205
8791
8988
3679
178
2983
4532
7321
196
5920
1885
2414
2309
1065
4168
1126
5922
2006
6024
1257
7402
8163
8886
3353
3618
5028
2264
2586
1981
2652
3791
2910
5592
4793
2425
5902
378
5824
8626
241
2431
996
3292
3142
4805
5160
6209
7077
7336
2457
6003
410
7635
4821
5237
928
8458
4603
1077
8270
7852
280
8809
7124
7685
4020
2351
954
3030
5979
8284
4407
4417
7038
5056
48
3483
5346
6827
2607
7877
834
3072
8279
1658
5596
5026
6835
7992
3073
8848
6707
7133
8738
6522
3436
2616
6078
1438
8975
7419
4302
6751
5188
4076
6121
4845
3258
8970
6563
1391
296
196
8358
8107
8506
3116
7072
1538
6277
1093
309
2594
3554
2714
3769
6264
8251
4117
1840
4328
1691
781
1035
7633
1329
7525
5899
1471
2253
2576
5320
1760
1794
2395
8653
4066
1551
4274
4612
8208
6256
5939
2453
5814
5784
7406
4668
2018
885
7143
1152
1119
7562
5077
3731
994
5208
4893
6755
898
1824
3934
3695
7413
4403
3526
7931
4940
2161
4517
2147
5772
2079
4924
1510
8610
1512
6405
8678
2819
7585
7902
706
4220
8190
6623
7768
8085
2723
8387
362
2029
4655
6096
909
1180
4705
38
5475
1758
2135
2898
1693
1557
3700
923
7974
4597
3201
2115
1886
2573
3149
4805
3692
5292
4628
8919
4900
3550
3807
6263
8544
6430
3098
5308
5973
8602
5128
8698
7874
6295
5685
332
2828
5849
7739
4297
4028
7217
2549
7201
3363
8333
6003
7469
7387
7786
8057
5244
5954
2257
3538
5683
3634
4591
5161
3029
5150
2110
3517
6187
8723
408
197
1050
7346
130
1332
1359
3576
3101
245
1447
4807
1716
7838
7938
4029
499
5946
5794
1119
8224
1617
3579
8167
6123
3028
2449
605
3723
5708
6240
6265
5934
1787
6076
1075
1593
1066
5576
4624
2043
1665
3696
5895
4690
7705
2312
8827
1318
5609
5710
8377
3232
1447
430
7878
4463
1691
7554
7556
5359
5887
8731
8532
434
8858
8866
2960
1281
8250
1678
2344
3086
6459
2068
2264
5050
7421
982
2468
3921
6397
6550
6888
6111
6961
1978
5829
7723
5846
7817
1409
3687
5092
3299
8799
1592
8824
7248
6102
5449
2794
6559
5522
8026
8636
5337
7816
3824
7707
4763
5649
6268
8160
3253
6515
3495
6147
6066
8361
8728
5244
4109
37
8632
4572
130
6920
4638
4790
8664
8681
3672
5322
1531
4955
3276
4477
2778
2400
345
4709
3495
4122
4250
6789
4822
1636
4696
3948
146
1608
268
6968
982
2484
6903
7774
2082
3193
7411
3474
6324
3714
1043
1791
4680
8775
5645
1545
2997
8518
6555
8646
7056
4012
7520
8339
176
8532
814
5052
6284
2809
3704
5939
167
7583
5675
5252
5709
5112
7704
2418
2180
342
2424
1162
5187
4503
4305
5762
8824
5997
5953
8011
3249
2057
4364
5103
5870
1262
7410
4767
1064
8833
3690
2001
5216
6997
3987
3732
22
778
5103
8151
4355
5903
5388
4641
6713
5022
1061
5124
3014
5041
7202
7509
2904
7814
7921
6556
590
6097
6275
3129
1507
4128
8769
3832
1369
2922
451
1729
1714
2553
718
839
6983
1582
6479
5176
2820
1916
7521
5874
2039
8479
2077
2187
574
3432
6126
2478
7796
5584
1346
1672
4914
1927
4462
6525
514
6085
8716
2870
4626
5549
7160
306
3874
1859
7008
7485
369
2548
5892
3622
3454
2207
514
7418
4096
6805
4393
8656
4813
4664
5108
5776
2746
7619
4829
3482
3603
7021
1082
4098
2608
3889
1820
2913
922
790
1196
1885
4409
1261
8322
4241
2050
708
1242
8692
453
8786
4683
1397
5441
7336
4611
6824
337
7554
6761
8342
2640
123
5877
1267
3290
1139
5404
1196
2136
185
8707
2564
1227
5845
3950
6678
1955
6631
5959
3192
8023
1623
50
8466
6270
6541
4603
2743
8150
2125
2004
2600
4724
5246
6551
4211
975
6497
8916
2766
2539
1496
4002
6822
6628
5887
4669
6059
2664
8431
1961
3547
7417
7935
1227
1088
3633
3799
960
6885
4184
635
1115
4821
4859
7238
8863
8870
5191
8976
945
3372
1351
8303
3493
7382
457
8884
1975
283
235
5175
8724
2852
2633
7551
6218
8386
5491
5419
6035
4485
8563
7471
4433
5880
985
3368
4632
383
728
3555
4440
5686
4149
6621
1554
8526
3191
6826
1969
6477
4073
3559
7696
6868
657
5689
7734
2015
8140
2748
5383
1266
8848
1501
354
5798
7394
2553
3273
8321
4776
6807
3166
7313
974
7187
4586
6066
4384
6283
8262
2771
1631
89
636
2051
2563
8675
776
5635
8632
3329
1138
5036
1445
4710
2154
7187
6681
2137
5431
8256
7086
6754
8797
8689
2963
4760
6073
6566
4049
2634
6273
8774
318
6227
6340
3310
3439
3500
6007
973
5687
8161
5243
4654
27
3333
1946
1503
1016
8012
3518
2178
6863
1610
8050
1519
2434
6482
1590
3682
6778
232
890
8702
8561
4043
3647
374
773
5798
5807
6450
2334
4067
4854
961
8390
1319
178
7256
3718
2051
3368
1187
3430
2550
4495
6873
1221
2449
614
1799
7068
6967
422
1389
467
4240
1370
6559
2527
1871
5057
693
6357
2470
5452
5472
583
2791
7127
3581
6422
5267
4006
5000
8534
6804
6708
742
3713
6575
4820
3777
3075
6995
2880
6881
7117
7864
4876
8202
7247
3409
4281
519
1603
3772
6511
7957
4624
8010
2859
783
3144
7456
3098
5169
5856
5206
6686
73
7555
7532
8604
8300
8317
4740
6009
7765
2410
366
215
1102
8412
3585
6786
1469
8445
6369
795
3937
1184
6410
1086
5584
1690
6088
2200
1879
7633
2460
5774
4869
5393
4423
1973
1926
5516
7259
4065
4279
6451
7482
1073
1230
1493
292
2502
8007
8465
2925
7962
7914
5446
6427
7600
1140
826
7162
5871
2538
8544
3000
2685
1635
7804
2030
3192
801
4721
3368
1414
7380
1552
4489
1024
8473
6135
75
2274
4362
7796
1298
8340
6574
3981
6672
1667
7006
3251
4473
8981
5581
5828
3122
3452
5300
4055
3063
2802
7672
4530
4927
1989
6663
5686
6957
3514
5678
8698
2377
8915
4973
5520
7137
3422
5142
4814
8736
7766
4816
1186
4041
5106
5935
3808
6246
6606
5836
8633
7578
5404
8810
1600
8572
3455
6067
1034
6681
357
3944
472
5084
5162
1637
6144
2320
8339
6469
8019
3886
5183
2061
1677
1851
7476
6946
4541
2609
8201
4928
5202
8587
237
2177
5040
3464
579
8479
6337
8804
7899
1765
5748
7260
3115
6374
1830
5699
2996
7107
400
2021
919
8580
6274
3234
5796
2603
4173
2881
4110
7878
4010
1338
5018
5557
7953
8767
3661
8831
6506
2264
860
8619
5116
1582
7723
662
7298
3063
8348
477
3101
308
6298
6480
2894
1865
8889
4284
7311
4995
2150
2580
4102
2923
6042
2789
3540
1153
4795
3950
664
7724
3386
4177
8197
3137
3263
1536
1133
2205
7293
3788
7168
2045
3711
3015
4182
1204
6117
8608
3957
5979
6230
6779
5488
5068
1711
7700
1978
8104
164
652
6257
4324
2365
4723
4402
8884
3158
2049
1399
6545
3592
7283
5611
1296
7428
659
8192
7725
1229
1455
5492
7844
2083
6335
4931
222
7566
2300
8244
2632
5212
8872
7553
4610
2747
4849
6229
1487
7705
1189
741
5558
5640
7394
3521
422
6871
2451
1312
4584
3871
7293
5802
1014
281
4964
6832
432
5617
5007
4158
654
8493
1985
5949
7856
1625
1777
340
242
2795
3029
4485
140
8365
7518
3363
8776
7680
6815
1507
239
1076
8973
4262
5580
4657
7952
4484
5593
6850
4762
6774
5205
7111
6837
8515
2476
8297
3421
4445
5579
6120
6266
5720
7252
4360
7628
4397
827
8137
3533
957
5905
8859
2877
3875
1447
3279
1952
1913
7840
3092
3208
2001
257
6247
4453
3500
1220
422
2797
8694
7889
2463
5448
1877
1581
6515
5456
4466
2968
2797
1196
8412
2234
8458
3353
8932
5795
1271
4007
1090
4119
3453
7158
5124
1097
7172
3526
1145
3426
2171
373
8896
1480
5604
3340
2894
4663
2131
6206
5471
2302
7850
5379
3156
5233
308
4615
6721
5112
3218
2443
6760
7626
3763
4945
2636
3299
721
5819
2952
7873
6016
3200
4918
4088
2409
6745
1724
7352
4210
1167
1614
2768
6467
4898
8376
1794
168
3520
6710
614
2099
1349
3945
8137
5676
6652
2129
4050
1371
8316
2753
6596
721
3022
1534
5393
3999
3544
4107
7003
3636
1121
367
6531
3851
5379
4733
663
2072
3033
5007
8121
6536
2688
2649
7199
4644
5039
5155
5688
2987
583
7234
3414
8825
1
3217
1844
8116
2934
1102
7135
8500
7744
7804
3572
3947
1708
590
4145
6006
8614
3499
464
8958
8030
2911
5291
1136
7730
3653
2016
8286
1701
3038
6424
869
6338
2577
4325
2783
6640
6368
2393
7904
8355
5788
3944
366
938
369
416
1061
1504
2783
3370
6969
6137
8290
6840
1295
2083
8825
7439
1848
429
5766
2861
4947
3216
4705
3518
4825
8714
3193
5862
6229
7990
4830
3623
8511
5240
7694
3208
6275
5185
1641
4282
5784
7011
3722
1241
6379
3073
3142
921
8846
1836
7263
3825
8781
5525
4129
5954
639
5316
5031
4247
5679
3950
3459
5099
4584
2038
317
852
8669
1767
5944
7536
2333
8406
3009
3438
7592
6549
1469
5508
8647
2618
3437
2096
1477
705
5918
7184
747
5625
8835
2122
1630
545
7062
486
27
6042
7298
877
395
7373
3371
7044
3271
7228
1878
4930
5695
1395
1090
3140
7777
282
6268
6349
4916
4294
8789
1237
2498
4819
7077
8384
3502
8730
8255
3865
6883
1661
1322
1812
6819
8593
3871
2768
6990
2551
6275
956
5100
3783
6772
8618
6616
759
8291
1768
1623
2057
2636
4425
4917
2834
5766
8507
5312
4062
6295
2998
6041
5074
6106
4944
7285
213
8482
5137
5891
7844
6337
6789
6583
2752
2214
4760
1545
3075
7611
3264
6124
3049
3535
1298
2886
2882
7700
1485
1062
7752
5466
545
7980
2238
7731
5442
1338
5395
3774
8942
4626
4440
2798
3830
2833
339
2066
5789
642
8702
7467
3115
891
2762
6729
8933
264
7629
5604
8405
4221
90
8051
2826
5747
1469
3693
8520
6024
5981
7674
3765
8209
5743
2650
7787
4951
8784
4398
4995
6736
7804
1180
8704
4824
1176
1407
2716
1605
4649
8965
5431
3267
1899
3115
5879
3589
2574
1700
3340
8078
6580
7915
6712
6910
5362
1833
3507
5350
4509
7174
7459
8524
407
8513
4366
4806
373
1426
4511
1950
4025
5768
7869
4875
5705
4170
1249
901
6580
5174
1466
8653
4779
8750
7247
8182
1255
7036
911
8834
2485
8520
6119
1589
3783
5641
7832
2224
1098
7461
1039
3130
3603
476
4241
2254
2259
6695
6597
3489
8040
7098
4545
7328
8334
4791
8103
4694
2157
2722
7108
3437
2704
4588
7799
765
8234
6740
1840
1912
4602
5315
1481
4101
2850
4340
8018
4733
2678
1978
7784
6593
3481
5037
7605
1998
6240
6824
2902
1305
6526
6561
4441
555
4991
3750
1247
5281
4677
7788
4006
3139
2104
6411
3675
597
8422
6439
731
5224
6024
3872
8270
2485
3360
5791
496
7472
4410
1215
6279
211
5462
719
4295
6259
7051
7354
8774
7311
7834
894
704
8048
8850
537
4573
665
6203
3267
5374
5079
550
8849
8390
8276
2686
1219
1343
3392
1480
552
2524
3972
6090
5605
6528
3322
101
6227
4937
4254
1664
7333
4803
6448
1413
8826
227
1829
7331
3775
485
5022
6007
6348
6810
5359
1389
2931
17
2086
5525
8738
3136
1184
2219
7270
6233
4832
3184
963
7008
8670
2006
6186
7918
5641
158
5480
4184
6618
2883
4780
4404
36
3610
5714
4820
1165
402
8993
5519
4931
8124
6534
1431
5209
3649
3020
2604
2953
2431
4837
378
7298
10
7858
7891
3036
2797
4887
5833
7951
5410
3772
1193
4785
2841
1831
2199
6781
3198
3321
873
1100
1562
3910
3715
3492
5965
1958
1576
8617
732
4749
5423
4692
5412
3333
7459
3718
5060
5828
910
5843
2334
3318
4973
3996
2631
6747
2106
8702
3506
6352
3417
7483
8347
2466
625
5623
1116
7599
1296
4711
7748
5467
5508
30
4220
2769
107
815
7560
8023
4487
5598
7945
1451
1162
3108
1942
1807
4637
2857
6341
3061
4704
2906
3776
6107
7041
7454
7227
4208
5764
2891
8900
5038
5294
4881
3213
2330
1553
3321
995
7400
2453
7961
26
8191
4013
5862
3258
7904
3856
2166
480
1227
2456
6519
2581
5930
7964
3728
3725
5830
3902
1566
5976
1029
157
3155
1917
4083
8471
6374
7506
8521
1895
1712
800
8794
5321
4717
5285
7628
6687
5080
6793
405
4373
352
78
8534
7258
837
2274
5994
7581
4554
7395
2543
8373
6460
2138
4606
5757
3524
6678
5766
333
8161
3874
6526
5287
8867
5027
3078
1318
3519
3712
7191
8115
8744
5619
2085
8530
1304
8326
868
419
3196
6033
3400
7462
8201
6858
1741
2765
3601
7814
3333
240
2890
1253
2981
7165
2465
2243
5309
7088
5155
2516
744
6479
3697
822
251
2
2767
7919
114
1144
4174
7325
530
6859
2330
368
2071
6537
4368
7100
2014
7128
2622
5292
6459
7072
2130
1686
7886
5634
7138
2272
5180
5640
7197
5781
2803
5836
4561
2221
5982
8613
2070
7438
6338
98
8045
770
5844
5551
3830
4355
1865
1570
6100
2615
4626
1888
8300
2679
3235
7058
7948
1694
3430
2709
7675
4933
974
9000
7613
738
2472
1305
4000
408
8634
8805
8589
4185
820
6791
3301
2899
5004
8169
6806
7906
1805
6065
3731
7255
2337
5938
6527
1212
5558
1726
7677
6192
8923
7480
2486
7664
565
1792
3989
2252
4888
7734
2182
6617
1124
4071
1508
7153
8478
421
2580
1925
5654
5871
5849
6137
3138
842
7967
8519
3578
5240
443
3811
3057
5162
5404
3516
8315
6991
7404
8421
7607
2967
5313
1166
6983
5417
3187
4205
7733
6128
1010
6804
1118
657
3051
2160
6931
4480
7909
6097
1650
1880
396
6760
67
3896
8841
4280
4629
6130
350
7338
6052
1376
1831
3036
1659
4161
4623
986
5108
2651
6502
4737
4251
5225
7483
5427
5356
145
276
6400
1925
5304
4006
2521
8442
8151
2729
4128
5598
8594
4968
2988
933
8778
8742
4398
5977
3998
8364
812
4288
68
670
229
1151
8302
604
2085
3761
7863
3264
4523
6577
1528
384
655
1551
4521
3837
4453
706
7928
8166
8780
472
359
5586
8765
5334
955
2870
8602
7850
2735
8038
3711
1726
427
3627
3989
4776
7729
7598
74
7773
4266
483
6830
1039
7313
353
2856
8610
2185
1910
5523
2191
4766
2395
3020
5506
5537
8082
4998
351
8404
641
7572
5410
7425
2669
3655
278
6410
2574
1233
6076
8586
409
4499
3817
3106
4235
318
646
5976
4155
6564
263
8272
6815
8252
132
8069
1051
6623
1748
237
7492
1204
5666
1629
3689
1917
6374
894
104
7532
8028
1636
7661
4527
5116
7818
767
1957
8716
7183
8393
1180
185
90
4239
2539
7570
8104
3977
1902
5413
3825
6636
1203
8908
7409
4873
6581
7286
1274
8332
2074
6550
6898
8321
5992
5248
4718
2886
661
6490
1449
906
979
2824
6831
557
1663
759
4004
2732
3905
1292
585
7127
4362
8179
1211
6378
3427
6606
2005
6443
5042
4941
2567
426
5522
1899
3447
4108
6474
7845
1275
2507
2036
3749
4618
8214
3762
3615
1143
4177
1073
5421
8375
4543
8752
3038
8062
1001
1375
2769
5232
679
3104
6721
3146
1124
6012
4371
2757
66
4705
95
8320
2216
6814
4307
5502
3893
4633
1248
3636
8065
550
1966
6251
2527
6090
6601
291
4734
1264
5499
1130
6
2241
8738
4538
3363
825
5573
7374
7057
8997
8292
6574
182
971
1131
1879
6898
8925
3254
1962
2256
4253
5628
6201
3583
3480
6951
1429
5926
2803
7133
5958
4097
3369
7855
6572
6457
6098
7291
3210
3382
3910
1130
3051
5059
3659
5249
1789
3768
2105
2766
1347
947
5850
439
6670
5677
379
5464
3380
1112
2147
2098
8074
2964
6784
3282
8665
8607
7650
1172
8005
3357
485
4772
3962
8732
3533
8829
4722
4865
3883
7919
5310
7784
5540
8039
1220
4534
4253
6371
7398
1273
5552
6526
3880
8362
7024
7281
5662
6643
2883
5707
6900
806
2872
4996
8460
2363
172
6204
5890
8531
7908
2789
7682
1553
8249
6111
2502
2791
4768
4325
2546
297
8844
3955
2452
4667
255
7373
1521
1633
661
5489
1587
2092
8964
8350
2294
2896
1078
1935
5241
4444
8300
255
6937
4494
8439
5209
7293
2393
7243
7631
5763
4677
6115
8276
3258
4204
2477
5388
8436
2826
462
4591
6720
2819
2115
2191
868
8999
3698
3220
8816
7549
8213
6638
6919
2313
3108
1232
6543
7814
125
1196
3970
726
932
1606
6241
3677
4345
71
2091
2704
7969
256
8086
3218
6633
5082
6370
4329
3967
7472
7981
7095
5172
5219
3303
7097
551
8372
8743
5302
4630
1128
5915
597
1541
1432
3424
5536
2949
2883
8789
3600
8844
2333
5955
4859
8109
7841
7914
7764
57
7227
5510
7120
7143
5634
3505
3565
1468
2345
8428
3895
6246
5614
6537
8748
6582
7185
476
6087
7947
2386
6617
7235
1042
6847
2428
3436
815
648
2714
3292
2870
3751
3534
4245
144
869
3446
2494
324
5290
3694
7548
6425
7595
815
5544
5474
6726
7349
4346
1621
6901
8275
4851
7630
8947
5158
1993
2061
710
4337
8267
2328
8153
2527
4660
4458
3484
3089
7604
2413
1255
8481
3232
1350
2557
4167
6513
1177
8066
5718
6673
2065
1195
7637
2723
5692
1744
8568
4585
6994
1041
3870
5128
6015
6794
6283
8099
7985
6710
5381
2707
4761
2691
2126
7374
3068
3363
1180
4351
2603
3151
1239
5549
8003
7365
864
1273
7128
3536
4427
5009
6655
5557
1154
2309
3292
4972
5549
3024
8858
2383
5505
6353
5779
8762
7590
6965
1580
5330
2506
8231
7983
2275
8483
5522
2288
291
632
5934
333
3039
5497
4090
6513
2059
7445
7796
418
5753
7628
4916
4279
4816
2285
7822
3659
5743
7238
2417
7517
977
1491
4998
6040
2842
5026
3885
5590
8519
3963
7950
1942
3466
3153
5344
3423
8623
5303
4244
5556
7191
4610
804
958
8428
2576
2998
3726
8634
8750
642
2818
2438
3204
5225
7047
1294
3740
7624
1706
3794
4942
5937
1457
180
3468
3846
3011
3660
6479
567
8859
7980
406
8571
5941
1717
2927
1466
2005
2641
911
2637
5317
8634
8537
4637
3124
4350
5965
4001
1026
4617
1871
4940
4643
5827
4756
7447
7764
3413
8924
5169
5877
4945
6581
8125
2923
1309
4222
3222
3150
140
3272
7396
698
2789
1752
7783
3882
7733
3237
3541
6545
6497
7232
7538
3145
2146
8023
2758
5123
3426
8762
4768
1068
2417
4452
7503
7074
8390
464
6915
4468
1454
6304
6838
8789
742
465
8758
2183
444
3331
5504
4603
5080
6473
5815
8983
2226
5129
2626
5107
352
4445
3370
5063
6064
3674
750
2055
6739
1696
4798
7833
7372
6452
8523
1369
3803
2193
2727
3087
3673
1942
5997
1426
4478
226
3378
7195
1976
4189
3856
5492
5167
2950
1289
2403
6398
3878
4536
8533
3586
8871
7108
3930
472
2840
1699
3719
6256
2891
7456
4731
5798
6478
189
3384
1046
4463
7548
8574
5673
7255
5811
3976
8235
7380
268
6163
6120
7666
3941
5507
3347
2217
6837
4597
379
7614
8884
6492
318
7133
6946
2452
2527
3595
7630
8659
940
250
2310
8368
1647
2793
4069
1648
5723
5882
5220
8389
6710
4267
8502
7359
1279
8715
8144
4633
3826
8127
5502
5939
4115
8466
4495
3326
3220
3691
1348
8227
631
6174
775
2667
8295
3774
2301
2899
86
1855
7906
3936
2307
1249
8054
2020
1357
7212
7712
3421
5876
7227
2340
4396
5490
222
2026
3365
1833
1820
1088
8068
2527
6080
1288
4328
5607
2926
6980
31
6879
3143
1767
2891
2982
8019
8778
570
8444
2882
137
1765
1534
4381
8048
5388
2850
834
121
5453
6550
7828
5187
3097
6751
2254
157
3149
2081
8856
3627
149
5979
73
7252
6890
7422
7882
8292
8849
140
4378
252
4629
8342
3492
4735
755
3490
1704
8498
7936
8495
4262
4261
3495
8887
2366
7253
3387
2891
4976
608
7076
5289
1594
227
2420
363
8204
6699
6879
6727
6899
7164
4439
2474
6151
3991
2682
507
3195
7578
558
146
8552
560
5425
2079
3317
3896
7140
1180
8686
2320
2896
2227
1494
7288
1568
3734
6599
394
5163
8471
432
2148
4708
5719
3000
6031
905
7634
1559
2659
8070
3442
5539
5222
4396
5280
8539
1242
166
4943
7601
1533
7831
1001
2040
3235
5478
1783
2978
8357
7611
8241
8398
2325
5077
6237
6595
4880
2343
1365
1545
7403
97
5359
7812
6525
2886
632
3910
7420
1390
4618
7078
8816
3148
4064
2177
995
849
6544
436
6993
3595
7318
1565
5564
4469
7749
6063
7846
231
5265
3211
1673
5800
7041
7393
625
2959
2778
5093
972
6062
892
5403
889
4609
6722
7366
5881
8931
5572
2610
842
8601
2215
1412
3748
5812
2353
660
2619
6190
4324
1288
7086
2323
4868
1683
1780
2103
7470
2104
3662
7248
5804
4587
7771
309
2501
8464
249
8721
1025
8991
2909
2933
4274
1346
4019
2572
622
8226
5012
5254
2313
2260
6741
7632
5711
3613
442
7573
8329
274
5220
5034
8310
348
3443
