4143
4939
7541
7215
649
1382
9698
9106
7517
5337
7240
5730
8222
1504
8967
5787
7136
7488
5370
2044
2929
2561
5284
1149
5428
5901
4862
5803
1368
9349
6926
7891
175
9167
8230
7705
2909
5647
927
6339
5271
5351
6613
6000
2727
935
7906
4457
4186
8839
8215
7399
1425
9747
5739
1298
1283
203
9218
2413
8197
1424
6377
195
4391
6773
2141
3089
48
3579
7338
5572
8932
9122
1622
7736
7616
5482
4491
1644
3534
4284
4121
3924
1080
6047
5475
5765
7094
5508
1715
7134
6935
3056
9219
8765
4336
8408
9049
3665
2815
2854
5396
2406
4128
316
5088
5045
1414
7057
4401
9673
107
7587
9581
6903
4904
6152
4386
6383
3487
7216
8742
4284
9525
7090
4581
180
502
1987
4905
9435
7108
5202
8927
872
2387
531
8458
4067
9549
3387
3037
1319
4919
5723
528
5906
6622
335
602
2769
1268
8246
5879
6810
8920
5758
1653
7927
9021
4355
7241
2811
2992
9457
3809
9286
3398
6608
2342
4766
4962
1237
5143
430
554
1449
8656
1367
1134
8657
3635
1311
8840
3345
2567
3274
5541
4022
1357
9441
7576
9839
4557
8967
6809
7959
6858
3291
6707
3162
6468
4357
747
4357
3469
158
6480
2209
7385
3955
3794
6168
4794
690
231
9765
2800
6655
3092
4691
279
3600
4447
8507
756
1337
3128
8846
9311
9079
1258
4377
6630
1570
3717
5850
9288
536
5723
1135
7858
8396
5570
7095
6910
6497
3400
160
7726
9976
5537
5546
6427
6161
3498
7998
3877
313
1801
9481
356
7210
5513
4054
9656
4847
3802
3912
3648
4077
4498
8331
4086
1253
6231
2670
3360
4521
1159
625
4751
9785
385
5347
5486
1238
2482
7914
1439
9280
9033
5983
6080
5756
8636
6397
4201
1690
7694
2639
974
6668
6806
6654
7173
5428
4226
1075
6371
8787
4366
2196
5285
3599
9838
1038
5693
3632
3607
1684
3994
9965
5275
2341
5750
8177
7343
5198
7777
6894
4488
8636
9129
8763
4807
4988
2357
3500
368
4026
6782
8945
8863
8996
456
3409
6798
3416
7538
6346
2447
2308
6505
5517
4310
7689
9656
7575
1751
1455
5712
2728
7452
1035
1953
9537
1091
2059
5103
4277
9867
7734
2744
5100
2493
2780
3614
1898
6820
1546
5289
4457
6590
1554
7807
8142
4386
7070
7344
9934
3177
2547
6526
930
4688
6995
1174
9514
2436
680
4605
3745
3610
6201
1683
4285
2714
7295
7206
9448
5795
9324
2129
929
6134
5890
2956
5324
1079
2075
6432
8453
9000
7082
7712
8099
4784
838
7074
8898
6971
7364
5335
1603
2504
7959
1608
4381
8537
7855
9856
2626
9141
5282
9642
9031
719
292
5828
527
708
5763
8744
6164
8290
8376
6861
2775
4724
4059
4511
1470
7995
3942
1182
7861
7091
5288
1941
9134
7188
802
7445
282
4350
3364
5608
3920
8736
5576
1457
2194
9344
3125
1360
6050
3630
862
3459
5986
2422
9279
6099
686
2167
809
4227
4940
9287
5514
3696
1382
1429
2972
2201
500
2351
4135
1165
4910
9139
721
9579
5237
5546
3171
6634
4071
4980
3496
9116
5793
5023
35
9764
2740
1315
4382
2216
8114
469
4304
8350
7156
9129
5960
5323
8156
7946
3198
7565
2022
7623
1657
9808
1449
7458
7161
8372
1740
8504
3627
8367
1062
2629
5020
4148
2576
6289
8796
7108
3146
7570
5195
8781
6681
2710
6734
6374
4169
8293
6529
3941
8003
6722
7359
9202
3731
7391
9802
971
278
9434
6274
5163
3753
2280
8550
3097
7167
3336
2822
2421
2960
3208
8700
6048
450
3550
6087
2070
2186
4098
4368
1358
1703
9678
3802
7675
3381
3197
1843
6143
4553
548
3967
914
6729
1728
5608
1759
5707
3865
5759
7110
1205
3734
2946
8859
2435
5387
1680
5901
2
1561
2439
1302
2849
3127
5441
9905
9788
3543
8173
7415
7139
7003
2477
7188
8834
7646
7042
2199
2745
3035
4328
6797
4818
7007
5228
1155
8038
8162
5993
4339
5243
7223
2214
3036
5226
7743
6900
5667
4437
5430
1537
8443
9600
1100
6668
1993
2380
5133
2248
1350
8145
9304
8259
7272
6663
1023
8825
3434
1838
3676
2793
2298
1968
2367
7699
8635
2772
805
3939
4881
8233
8383
3869
5697
4328
76
7128
6115
1556
3519
5547
2058
8508
8782
9300
8007
7547
8840
3456
6051
7426
9587
4398
5314
8307
2935
1147
149
4845
3598
424
8728
849
3385
5002
117
293
8113
8900
1060
4585
9043
1789
9963
7296
3656
468
4667
8654
4993
2083
9907
1527
6260
5748
2093
9670
2720
6569
2968
1622
2309
4028
9491
868
9130
5033
4824
220
5583
2055
4182
2352
8941
8797
6075
8343
4510
2156
8901
1728
3891
4653
6617
4555
155
4314
1835
619
4812
9142
656
9852
4346
3011
8490
4238
2205
8638
5711
6462
2230
1727
6483
9325
8725
1739
2414
6004
7231
3560
1201
8495
1995
7276
9759
7425
4762
343
5202
6271
6797
6286
2150
6623
4523
5306
7802
1489
9688
9578
1405
751
2577
2359
8060
5851
885
913
6514
1918
8421
1250
1708
4623
8713
8517
3129
6446
5656
9625
5481
6680
8782
2079
1270
232
4711
7543
7747
4346
844
1373
4920
1019
8938
4163
2619
6441
439
7172
7917
2106
4867
2001
4458
8711
7670
1766
4071
2980
7559
5855
1329
2961
5266
6353
4142
9934
8311
292
8668
140
5413
8836
4365
5108
1676
281
825
5829
1109
2162
4045
4574
8767
9774
6637
7031
1875
9342
1593
8858
9097
2740
2706
1300
155
8447
5518
7285
7272
5239
2220
2388
7247
5627
2339
6776
8990
5136
2675
4892
6702
6228
9239
4971
8674
4576
2600
6361
1743
8892
4264
3014
6149
3255
7973
9964
6617
5878
3273
5635
1198
4529
8832
2810
4592
2276
605
6801
8087
5131
9237
3140
4400
734
8844
9358
4354
889
2537
1862
3388
9566
3630
2413
1253
8592
5342
9785
6255
3749
1702
1241
3155
6432
3351
572
3076
6112
7923
4630
4115
8619
251
5459
1121
9010
6618
818
8184
9206
500
5169
2185
8420
7575
2335
6526
2336
82
7400
4523
7403
3309
901
430
1609
5754
5534
1218
305
7610
5564
369
7709
1083
6629
2020
7917
3776
3416
3642
6
1
8187
3666
5686
7648
788
5747
5954
4941
8884
8573
6602
5538
1634
1674
6519
5993
3304
1754
8576
1753
3854
800
3381
6446
16
4255
2580
1554
5213
5664
3535
1626
2196
8699
3624
7061
3390
2779
9688
4872
2281
501
6556
2124
2608
6598
3506
243
4619
9096
3227
2503
9295
2576
8448
7517
7518
8441
1280
7090
4751
2296
2156
7021
3750
1320
5102
2365
7630
7673
5739
3556
8534
4938
5001
3262
7546
2860
3461
5457
5412
3139
7286
6511
2756
4316
8829
228
7044
8473
5355
9514
1180
1738
3445
5061
8530
5853
1062
5458
4994
3069
2823
6233
9617
8179
8929
9019
8715
7175
647
3731
18
2516
2518
4472
9388
1732
9128
7479
6454
9096
5719
2604
9580
2786
3963
4775
2761
6845
1343
6149
7958
2959
7608
5408
7426
5338
2643
9151
3277
3333
4046
5619
7787
3174
8306
889
7443
1861
8972
8961
1754
2585
4442
2490
6480
3516
6667
2134
567
770
6306
4206
1260
8721
2815
1489
3426
2874
5350
1883
1230
715
5903
7556
2773
3228
8836
4770
7433
5268
9719
7472
7933
8256
9696
3753
3078
9302
1122
300
2845
2442
5408
4986
1841
3523
1562
6111
8642
2670
3733
9418
2323
5453
6384
8510
1496
4816
5876
2155
4116
146
5590
6446
365
611
5369
9970
4919
3378
6810
9609
5334
8812
730
5667
5465
5365
4826
4486
774
4560
8226
9489
5947
3981
3044
5207
8806
8432
2974
1082
9063
5828
3703
5002
1275
5617
6531
5725
9086
1734
2395
8589
5960
8747
8914
6838
9621
446
1513
9367
7698
4086
7783
7023
374
3021
2902
9940
4392
1389
8322
2296
133
5975
6044
9526
2590
4437
5320
3558
836
4474
8037
9792
4409
9717
734
1408
5777
4436
7001
598
1173
8924
356
5685
1897
1524
1529
5088
1280
2779
6149
3363
2718
4763
9725
9563
9939
6960
4295
6288
2169
5423
8166
4748
4239
5398
3644
9250
687
4278
8353
5524
2258
2494
1851
4806
4639
6679
6887
1585
6819
9967
7987
5300
8547
1839
4831
4974
8769
1029
7252
6133
8941
611
8568
3772
5836
8864
5628
2214
8105
877
1186
6171
1338
4611
6222
7453
6471
299
9155
996
7073
3508
9062
4237
8016
1825
8728
3089
3395
2229
387
3040
7624
5644
5885
7637
1098
3263
8368
4829
3103
3729
7900
4917
8587
4117
8762
3977
1954
9549
989
4352
1784
7483
1653
7133
5399
4816
8708
3853
5704
392
3991
7210
5098
5951
3074
2047
5086
973
4136
2399
2556
5584
8016
8919
5864
9631
9742
6005
9849
4777
2095
9357
1885
6027
8272
9834
4007
6020
1181
6089
3502
767
1599
2013
9029
5093
4570
6420
8045
842
1245
2808
9428
9407
2052
5151
3446
9000
7131
1198
2628
4935
2889
4439
7413
8438
3146
1863
1921
2009
4807
7408
3315
8504
7861
9538
1209
9070
7203
4072
7644
586
7751
6050
4130
6848
7902
1325
4294
845
4830
6682
9256
5405
2194
7368
8774
2576
4690
9449
4578
3652
1379
3011
279
132
8034
1963
8852
6499
2510
6265
505
5430
1782
7974
5085
3016
4792
275
7389
3957
8956
7525
2932
6354
5313
1727
3801
3518
8817
9145
6367
5003
4114
466
7182
7014
2829
6167
5493
3769
2800
5448
7460
276
5728
8881
3420
4948
2310
5429
2193
2259
9646
7378
5916
5175
8256
7729
7461
739
4894
6116
2842
9592
2206
2089
2466
6122
7290
604
9425
2749
6584
6955
7635
3485
5527
3953
4448
9583
5191
6133
7769
9178
2578
9900
2903
8619
6295
601
8869
6420
7774
6718
9199
4374
4266
2773
3561
2089
7791
5148
3048
8971
545
5169
9005
9906
6468
755
3959
5450
6625
2359
8707
3410
9858
3648
5473
452
3237
2611
7327
2051
9474
6937
5819
6842
3506
4572
3522
4942
1935
7840
8942
6374
8685
667
7061
5557
8526
5363
9891
4138
2947
7736
3371
4834
3420
8928
4013
3543
6933
1796
6393
9612
7272
5243
9400
754
4475
1929
3969
7175
1120
4749
9338
777
6723
1051
1254
4510
2496
6733
490
9540
5971
4285
8006
6294
5578
7166
2317
3509
7676
1207
7396
6547
5182
9817
9806
4361
3111
4287
6598
6881
4866
8590
4893
8520
4781
1982
4395
4764
7090
6038
5380
8580
5977
6169
3506
6392
4029
3245
2583
1904
1178
6967
1528
3648
3547
4804
9348
2679
5804
3370
6389
3863
9040
3567
7300
7798
2366
1900
9909
3109
2397
9992
7379
8098
9863
19
1782
4075
8840
7770
5328
4739
5774
9879
142
4434
9995
5825
9765
9119
3813
2101
9122
1364
1645
2394
965
5213
6812
2950
2830
306
9496
2402
888
3370
1748
17
2362
796
5446
8000
2642
7005
8355
8205
7554
7322
2568
6989
7302
1048
7197
4640
3097
2151
1365
7237
5976
5528
3036
749
7640
2303
4172
303
9361
4900
5397
8434
4838
6105
8880
3646
4459
2058
7630
3546
1656
5370
7040
1185
1083
6896
4203
9705
1289
2333
4168
6304
6294
5055
376
2817
5092
7117
1065
1778
157
2252
7512
9085
4286
8623
3029
8680
3315
6620
6058
8027
6516
3784
5790
3290
239
1491
8392
7726
8618
6934
5150
285
8466
6981
2276
3269
9298
3521
5676
93
5252
2390
843
3157
6440
2305
9853
7051
8149
3436
9441
3855
2479
3699
7077
5323
4522
178
118
7880
9761
7671
3373
9443
640
8753
2949
371
6623
1317
6300
7435
7622
196
3458
7704
6508
8016
593
3286
3009
5819
6738
1096
4001
2334
5084
3786
5485
9459
7345
5391
3530
8355
6899
8501
6480
8129
7019
1937
620
5357
1229
1653
6198
8404
9602
1499
4085
2720
2537
4523
4915
7064
5676
9125
6665
8076
8139
7119
7890
5364
3262
6027
6606
2470
3133
2534
5717
6090
2341
2705
1061
7578
7009
8129
4788
1778
5592
2652
9099
3408
5369
8898
4458
7923
6157
4043
1145
6624
8929
817
8893
1815
1519
5647
3714
4018
3321
2751
2501
7667
6012
4277
7153
9807
440
2606
1314
9928
3523
6660
5277
7537
2605
9917
6124
5714
7826
6971
632
5479
5861
1654
2647
9280
1671
1831
5197
9735
4677
9580
2691
7147
6806
6618
1270
3361
8229
8036
4878
9518
516
9278
91
1694
3799
6683
9546
4640
5804
2410
9104
2892
9485
3230
3553
6896
4943
8527
2064
8580
2943
6863
2079
7101
5262
9325
6606
5575
6121
5697
8505
7284
2234
9027
9064
2084
3662
7386
8913
9816
5480
3162
2097
5649
2955
4519
2172
2914
3604
5703
9816
6318
1844
232
790
8976
4896
7535
2113
6115
5958
8877
1351
655
8933
8180
1194
5808
4431
4416
9038
7732
1081
2729
7884
5560
1372
3567
6960
7877
6025
5474
3281
9712
5847
7861
5300
6328
388
4415
9258
9951
2614
322
594
225
9763
4237
3792
8381
4998
3976
7658
2957
2907
7979
261
8327
946
9642
8201
8325
7097
9969
3272
378
1863
1434
5835
9295
9362
30
6335
9953
1819
617
1373
5599
8925
6482
1578
8298
6383
2495
4968
7040
3372
8128
8565
1286
2747
7004
4173
5890
3472
776
3662
8444
1490
8524
3145
5766
5810
822
2794
1488
684
2148
3528
7051
4438
5541
900
5765
2525
3898
8606
4551
9837
3123
9828
9441
9211
1046
2093
8999
4490
787
454
3558
9602
8153
2121
1484
660
1720
9105
7255
1997
2177
8532
4333
8000
1710
2520
4653
1714
2275
1715
5961
1320
4640
669
7299
3978
2803
5324
2707
1917
8609
9952
950
1543
779
6628
6889
7636
2152
8661
5271
2589
6396
1941
8227
663
8623
6255
7659
2816
4259
576
7995
6348
9019
5345
9447
8678
8743
373
1327
6534
9029
3819
3818
7529
547
8973
5879
3399
7025
5845
5855
5379
4870
4423
5364
2302
4472
6527
1649
3251
6751
9326
6540
8694
7359
5866
7179
1735
9403
4760
9887
4902
5766
5970
3221
908
7921
6369
5371
742
4771
168
8214
7241
4568
8791
4676
9625
309
881
8066
8873
4525
5365
430
7919
9253
4721
9842
4061
2522
6336
2542
8483
5392
510
9277
3056
9485
6350
3705
6637
9240
4471
9538
1634
5336
1350
6644
883
1535
6512
7183
4065
2023
135
9851
9775
9847
8156
2483
8514
352
1611
642
3562
2261
4797
3597
8560
292
6523
752
9957
5302
2090
4814
6236
8300
7264
531
2094
9892
3090
4525
4851
844
8329
7726
4089
3460
5850
8462
3027
2556
8300
8855
881
2189
650
1240
3883
5577
9775
8381
6840
5884
880
2926
42
5693
9203
445
7274
9951
781
1958
7466
1039
9197
6023
6767
9447
1408
1450
9356
1874
4807
5700
8905
695
6359
6119
7877
5970
4281
5755
8383
8183
8237
4585
4430
2916
9335
4118
4822
1450
5829
2676
2260
1432
3641
8132
1034
8427
5285
1875
5793
9387
2855
1631
2793
6600
5909
8852
7799
1242
9272
8541
5154
7631
9792
919
247
4699
6983
800
8481
9152
4176
8903
7643
1780
4513
5903
8692
9935
5501
4500
3975
8230
3425
1438
39
6131
7886
4132
8189
7363
6166
9217
146
969
1591
8669
9174
1881
2041
6827
2369
631
3056
1304
8130
3187
577
783
8568
8482
336
704
5000
7614
7949
5780
5058
8327
7072
7612
5233
5339
4154
6612
8948
3712
5941
9908
3921
5564
9962
162
8823
5632
7132
6569
305
7871
7635
9968
4032
4004
7969
2591
5769
9773
3214
6019
7945
8864
3705
5650
744
3169
31
9182
6478
3063
9337
5147
3877
4277
1888
7965
316
1971
285
546
3155
7464
1172
1819
5792
1451
722
9113
9136
1537
815
8273
7971
9654
8526
292
8718
4509
5166
4518
8102
8404
9854
3671
8263
6653
3602
8410
7865
6914
8207
4653
4634
7474
1890
6572
5948
7800
5413
4863
508
3872
5197
5785
2795
8048
3333
6810
9666
8086
8632
9055
5223
6245
493
10000
3764
28
6133
5420
9151
2931
5699
5511
5498
4731
5453
9715
3357
3996
4154
1068
4806
6553
5935
1254
4290
1133
7965
2337
9473
6597
457
5690
6996
2543
183
8497
1406
7231
8365
1937
9763
8737
8754
4761
5199
7876
9009
792
3853
4845
9761
5878
5055
3840
2975
2231
6302
4314
493
2891
4383
166
269
3797
6520
8805
5293
5143
2697
9700
2936
7796
2543
3748
5001
2917
6498
9125
5772
1500
46
5498
6935
1848
5651
5572
8762
8437
3190
9692
8577
4657
1327
1422
2338
1578
1279
1540
7106
2717
9914
9964
9987
1912
2913
8589
8151
8492
7760
129
5635
5513
2951
7935
8348
7691
4194
6248
8894
8226
7603
8698
5931
1217
2635
3908
8337
9330
6763
7463
4359
7589
8060
9450
9750
8982
6134
7680
4373
6951
3075
9373
4921
966
2025
8916
5669
1540
1326
2097
8701
1504
1320
8504
6588
1916
7790
2174
5090
2705
3886
3859
8776
3725
6119
1051
269
3060
3946
2402
3895
4259
4007
7973
2264
3158
5927
9245
5465
9324
5554
760
2394
9243
6969
2043
8439
9048
2437
2356
9921
9527
4230
3385
6095
6242
7685
5061
4448
6305
4602
3424
5180
5102
9580
2615
6118
8715
4929
7131
4791
6639
5423
6357
4834
894
8248
3177
3392
3489
1079
8363
171
937
4276
4129
8803
7088
9503
4938
146
9214
7252
4327
9868
4262
9815
8985
8392
3678
8670
6565
6620
6918
4553
2561
8078
4525
1991
2555
333
8598
4442
4600
6804
4754
3042
2767
3340
974
5080
5747
248
5850
7247
127
1700
1431
4458
1977
5027
2756
5622
4877
5362
4112
6281
6202
4846
4714
7599
2244
5735
1006
3260
8005
5070
396
9953
6811
1036
2601
4950
7161
1191
1089
64
3026
2915
5378
3818
1274
7665
8394
234
2045
6830
4663
9303
881
7933
1127
1453
6202
8642
6471
5302
7690
4112
582
6472
3124
77
9409
3494
4575
403
8542
8263
8786
8080
7112
4134
9048
4169
7038
1941
7660
1182
3568
671
3038
5947
5087
6446
5390
3386
475
724
5948
1702
4368
5222
800
670
9445
4191
1283
384
5914
5035
2656
6707
3318
5385
9219
1229
852
5666
6709
4746
4034
6085
8947
4017
9434
7231
189
1473
96
9487
5476
9128
2324
1782
1211
5054
7898
2244
1505
513
4353
8356
2984
3585
9298
4554
5267
1187
9354
333
2335
2481
9335
2906
7828
7770
5564
432
3150
1371
183
6355
4203
4634
9225
930
6380
9261
5657
9891
3798
1229
1000
4794
7464
3250
2561
4791
5772
9341
3666
6612
3741
959
6339
2384
2548
7197
8391
2041
6009
3065
2540
8691
7728
7767
6731
9410
9587
6466
2837
5581
5399
9311
139
1778
9566
4777
4304
8845
8396
9195
5576
3558
5058
4659
6295
7196
8929
6845
5479
5720
7036
8481
8595
6527
4783
4984
4589
1928
5065
5681
2723
8859
4546
5848
901
7546
4640
174
9069
2062
9091
7965
6410
31
8177
2368
5693
6152
9295
2527
1068
2226
1456
6353
4839
4271
1960
43
1135
6480
2043
3760
6210
5530
7319
8434
8378
396
2047
2065
8173
511
9685
9477
5460
1874
9869
6998
4308
6263
4428
1147
6045
5108
1414
8766
9249
7246
9463
1192
839
7491
9331
3411
7459
3323
4940
3434
1223
2344
4365
6299
2660
8077
6330
8558
2177
9441
1755
1320
5316
6816
2942
985
7119
6028
5553
2333
2753
7692
279
2659
6649
328
8228
9054
2702
5708
1640
8879
6123
9662
5583
9948
354
8685
5315
7024
971
9076
9639
5748
6497
8627
1038
3733
4742
9944
3345
7332
2806
2315
7100
5104
4200
2261
4516
5332
9590
301
5764
3796
2725
7293
1078
7684
6563
2389
5575
8088
2770
3237
4117
7782
5295
7850
1326
7190
1823
9139
529
2349
460
1790
541
7686
7905
3861
7687
6092
3502
6415
3226
6169
3461
8827
540
1710
8272
3650
697
4243
4243
2379
9222
2150
116
6569
2784
4869
1120
563
6342
8970
9643
6800
2070
9186
9286
4219
3790
5784
5568
9700
862
1001
6773
6479
9668
9907
2753
3438
5880
5934
2438
2699
8986
9472
2121
1876
6218
1293
7333
8659
7801
3293
6096
9556
1404
1595
3503
8448
6422
5907
4697
8055
6118
1656
4680
1351
1419
1420
5838
2164
6716
371
245
9167
1720
590
8833
6902
1267
5680
250
5575
6305
278
3888
6971
5495
9056
664
3164
315
182
3954
8839
7043
6783
5060
1781
6301
3994
4061
5917
9083
8564
5918
393
1363
9850
772
8189
4754
822
2075
5837
7607
4228
1775
7559
2041
5209
8521
8023
6357
1890
3586
3667
1384
5744
1107
2329
6521
8532
8790
2703
9905
6564
5427
9292
9242
4277
1601
463
7071
1979
9783
8438
8538
7660
3101
8179
6524
9036
8137
4540
2607
6263
6344
9437
1465
1811
7495
2399
6830
81
469
9158
9512
2987
2976
4642
3865
981
9332
7585
1893
4924
6356
9897
3084
1735
4609
9216
6824
9083
6870
2586
7130
3142
7796
5552
1539
2120
6383
5317
8766
425
9889
9696
527
2139
5443
8138
9101
7609
9445
7577
4258
2601
4389
6249
3153
5019
9358
7785
7281
8480
1352
2038
3011
141
4143
291
1823
2061
8011
782
3558
1014
3683
7039
3582
4362
2032
6470
455
7850
7269
6082
2266
7654
4442
9014
4578
5218
6481
1051
3906
9080
1876
7733
3950
2546
4641
79
2156
3001
9061
645
512
9608
1556
7045
2527
2334
3916
6938
3100
6737
5396
9515
598
3553
1623
1775
277
1108
4222
7507
3608
3811
361
6993
831
3848
5622
8729
6529
3837
2393
2097
9938
5463
3634
1534
148
4431
2097
5129
1115
6366
1026
7888
8705
9870
8818
4624
1531
6394
9664
587
9
7855
4817
9914
7618
9544
7416
4849
8728
4629
9664
9503
5214
7333
7782
8671
9960
2422
7023
232
165
2764
8121
1071
5711
636
9979
5249
3217
1960
4174
2945
1161
6478
9232
1651
2995
5037
3992
7711
6257
9313
4074
9536
3670
3657
1920
1028
5524
8088
3556
9395
4475
7229
8627
8952
1189
4578
5936
3536
7206
5450
1393
1606
6296
6024
8337
1730
9031
7841
6847
1113
8333
6086
8478
7194
9801
7466
7132
7498
8157
6433
7847
8508
2761
2322
7218
3138
9478
3824
1907
6945
6753
689
5104
8317
2365
4069
6217
7240
4679
6010
3975
4971
1526
7253
5171
5607
1648
8638
9970
7645
139
1127
2363
1275
4654
1688
3137
1598
1287
6369
2523
5484
3798
5874
1968
1985
2844
4221
3045
1786
845
2801
9769
2066
3215
8547
3406
7282
7295
1677
8403
5202
7268
186
6352
9928
2264
4809
5528
7368
402
8769
175
8943
9624
6771
1388
7873
3476
6807
4647
1240
6269
9609
7284
6179
3258
3773
9153
5928
2975
458
1220
2911
8358
2325
5973
4069
4072
8271
1456
8723
7438
1736
361
2997
7980
4854
3225
2085
3243
537
8299
6514
4444
2351
2943
2839
3751
6951
4051
9111
3175
3216
6783
5564
3682
1409
767
3762
2872
6607
5321
6182
7173
4419
6597
3959
9023
5551
4700
6697
8800
8002
4337
9602
8706
9101
6958
1397
3970
2127
8587
7325
6279
9942
1162
938
528
6362
1981
7259
5198
826
303
4821
8705
8939
4873
8257
6075
1989
4471
6426
4326
4505
6885
8779
7418
9782
1335
6349
2034
7720
8236
7105
5691
3387
9354
2673
5984
6407
2451
7022
4482
7076
1202
6376
8863
1589
2492
4022
1271
8079
8417
472
1906
5424
5647
6289
5377
5168
5006
6855
649
1226
3436
534
5075
4867
9734
6073
3637
6574
9075
3508
9860
4746
6780
3900
8651
1333
1816
3162
7140
8660
4541
2298
6396
9625
1927
5502
8464
4180
5817
5031
1913
8079
4598
5089
6421
9611
8792
1275
1264
3184
2871
7562
4479
4479
4759
5465
5554
7883
6360
4595
9818
9352
2889
6718
9462
444
7395
5877
6798
7382
3047
8854
7961
3525
7526
6402
4034
5652
6445
4033
8377
402
7620
694
3259
2176
1153
1625
9958
2262
4205
8266
1842
1783
2661
9949
5177
2483
953
1620
795
7883
5312
7915
4265
2548
8343
9080
6745
516
4167
1483
7620
3639
6464
3324
3590
7251
3140
8274
5708
4838
1783
7461
7676
4089
6007
1360
4541
7560
2005
9962
4382
9036
7907
2849
5131
9070
2192
8729
229
4579
6900
3490
3541
46
1415
1756
7255
3937
680
4906
661
6232
4746
2317
883
186
1051
3946
4277
6155
5402
6350
655
1690
8024
7076
2192
6294
992
1706
663
977
4385
8965
3464
805
6501
691
327
1163
7041
1205
7689
7921
8786
7093
465
2456
1309
2074
4297
2299
2760
3580
3264
4727
9123
658
4317
9714
86
6358
5089
9651
6539
7171
9671
6083
5644
6055
5200
4639
1317
6827
8054
9808
5786
4907
2493
4232
8011
6002
1592
2212
1362
5051
7633
733
4057
5016
1537
1905
3160
1855
8456
6745
7
1626
1422
2338
7686
4426
9936
4942
9113
1804
9945
2360
381
4219
2258
1463
9848
6753
3506
2960
2011
2114
640
6031
7141
2526
7316
2116
8566
2962
8787
811
376
8364
5498
5573
1892
2463
4418
4435
481
7881
7917
576
2226
1575
728
7433
1774
745
9040
3004
3770
1845
4404
5507
9736
3136
3350
1534
5829
9978
7639
7663
332
6146
1491
1224
2690
6189
1348
3664
4729
7015
1810
1633
9382
3226
687
7061
1377
5916
5343
5579
5976
2490
502
6583
2829
4239
5578
7933
8864
2368
9143
358
9014
7977
2363
290
9245
2067
4642
7035
8234
6544
4151
713
1011
2699
2200
7174
4371
6266
2419
7390
7870
3176
5123
7167
133
2467
4702
7123
8298
7608
2869
2434
1598
5965
9278
6288
9288
3260
9026
7645
3418
3205
374
2865
3778
7630
9528
5552
581
3697
2918
7440
5412
4194
7374
4122
1190
2696
8638
2880
8549
4057
9414
9594
1105
4302
2783
5565
9531
8399
9995
4438
7899
4646
4516
754
1011
3595
1087
7948
3489
8830
105
605
3426
5086
4363
8976
2531
1953
8050
3558
4908
3043
3136
4804
1375
5894
3361
9762
3125
4635
8652
6986
855
2342
1554
5919
7480
4593
4686
1656
6096
2547
6334
8033
4671
5150
651
6378
6866
1119
6576
6199
2317
9952
1985
4924
3446
9538
5731
9474
5119
1684
9519
3558
3825
2315
9331
3348
7022
8877
7798
8517
940
7826
327
8235
3618
1022
9043
825
1188
1658
4549
7607
8173
3835
9190
2496
7687
9694
5197
8785
239
734
1916
6117
9632
782
5173
2542
1696
2854
1009
4681
6574
1304
49
9499
2697
7957
5882
9477
5902
831
1622
4997
4792
7183
392
7917
2947
302
8004
9732
2611
1194
9790
1919
8954
4326
737
125
7987
6891
4736
2543
221
823
2361
6140
5159
8809
7811
5789
1354
9467
5635
6503
2653
7431
4181
5788
448
736
8538
9824
8509
9143
3751
5173
102
9878
6648
972
9970
7295
2374
1617
502
765
462
3341
6440
1832
4180
562
9850
9776
2057
5226
492
1617
3513
3117
5546
9423
7161
4276
4878
6306
6
8154
3343
7086
1347
9581
4057
3843
1518
2465
621
6124
5709
2721
9693
5136
1843
8120
4356
5843
6663
5829
8914
7307
3554
2476
115
7553
6542
7539
5988
1851
2186
3409
5313
983
6517
2169
7012
4764
4609
8379
4788
591
6690
9740
4931
83
4918
8783
2770
8741
6674
9071
2050
5967
7708
5715
389
2070
9858
7084
2303
5280
6142
8523
1649
1696
4841
4808
8234
2235
9041
5957
4002
1896
3316
830
5944
3847
7612
571
4128
5792
3749
6129
7940
5762
1080
5660
549
6009
5630
4557
9889
5308
7739
7136
5225
7009
2336
1654
9351
662
6221
838
4565
2712
599
3402
6374
1467
2039
3609
4814
8741
1434
8993
767
9009
9418
6919
7451
7198
4611
2197
9125
7013
6290
3758
3752
7569
1760
2385
2534
2761
785
2371
6926
4145
7538
6601
3236
6788
5246
5694
8073
8933
5755
1469
1679
2515
74
1064
7760
4925
9959
6789
1741
1945
9614
6507
6675
427
6573
1670
9163
497
7717
3092
552
9026
4659
9292
4233
5955
8875
6195
1994
3382
5014
7203
3934
5510
3105
2173
4980
5657
5605
8253
134
5181
7136
197
9932
4878
2019
1673
8850
7961
3077
355
4214
981
5335
8525
6066
2618
1405
6049
1358
2078
4881
5765
4994
2029
143
5709
3510
4178
825
9872
3795
8131
8402
1256
414
8253
6974
6304
8316
1349
6897
2023
9517
2962
6945
9572
9627
7755
9528
4313
4527
852
4103
4843
4521
3776
1531
6348
7436
1995
1944
185
4951
114
7686
5225
7150
4414
1042
500
2054
8184
7735
4044
155
5475
8934
3704
6473
3869
466
836
3034
9242
7884
5313
100
6222
1029
5340
4173
8588
1540
9470
4400
2960
6955
4658
8470
8432
9676
2223
3982
5826
5831
6658
1342
941
6674
9875
7489
454
413
1671
2816
7622
5704
2866
9319
9555
9879
7638
6103
6666
2959
8778
4068
9482
5524
7060
1260
4164
6029
742
3980
9908
1875
8568
2034
7375
1125
1299
8533
3893
6239
9842
9153
2472
497
9372
8047
1211
826
3786
8352
236
5486
9281
6165
8806
6004
1755
5669
7176
3953
4384
134
6368
3028
2682
7076
2868
9536
6648
3159
1548
327
7207
6257
6352
2097
240
6029
3134
7942
5327
8503
5863
9180
2678
9705
9066
5196
6807
4300
927
9918
1403
6379
6309
4581
1190
1781
1558
5415
3938
341
4302
9830
9873
9009
2699
2281
6274
7407
9089
230
1960
8221
9020
4427
9938
9705
7391
9328
8280
5265
2238
9530
6810
4066
1840
8173
4826
7375
3004
1195
5529
7955
3369
336
3456
5736
6932
2756
2535
4712
5903
2435
2710
1655
7042
52
3274
8362
1284
9318
4657
9446
4506
3869
8778
9582
1603
9274
2137
5381
4037
6614
8857
8627
1868
709
9757
6193
473
236
690
9058
5944
7207
2175
738
3702
2493
4014
5994
5904
7372
2061
1004
6688
7694
2640
9253
9271
6527
1273
2181
2767
4319
4743
1246
6371
6015
1663
9493
4587
3491
971
6689
6982
850
2133
2552
7107
9962
932
3242
177
9660
1401
7789
4633
7797
3173
6303
1603
4949
3979
1976
8625
4267
5273
9908
6622
7145
2036
8902
23
8940
2474
9609
2756
4028
9261
2682
7843
9990
5284
3833
811
6219
7866
442
1241
4822
6382
9798
1588
253
1482
982
513
4908
3275
8290
113
9528
4117
4353
6604
5825
5236
9078
4783
1182
1830
5956
3551
7176
1053
7735
393
8233
5990
9086
3565
5225
3740
4743
4627
2107
4559
6545
1103
4556
4364
7885
7001
7744
7513
3661
4621
2536
439
4570
4988
3189
6813
9688
5114
2888
6887
9547
1939
4453
4038
5339
1894
3316
3761
2488
8318
7651
402
52
7758
6660
1645
682
6994
816
8441
3648
7657
8163
4259
1232
1019
9033
9431
2536
2364
1272
9261
7593
8145
6061
1679
5195
4431
6845
2735
6316
2036
3179
9641
2817
5064
6268
5283
109
3026
673
823
4547
1839
576
2380
1263
2445
8990
1165
2941
4183
1049
3737
4057
8105
1202
5645
2147
9657
5174
8943
3136
2807
619
3145
2064
7798
6540
5906
9277
2622
7031
363
1603
4720
4224
8131
2897
6781
9150
5496
8208
366
3307
176
831
1434
1396
214
2500
5344
7458
6563
2692
8149
2837
5309
6743
2685
3290
9875
1388
8233
4126
6591
608
321
5322
6407
3473
4217
8470
7181
1406
9266
3548
1889
5345
8397
6841
149
1324
6355
5743
8867
1941
1668
7802
8369
159
9525
2859
5836
368
1679
9443
2861
3934
7663
9002
2632
283
3548
9789
906
1792
6721
9457
366
7812
7131
2330
2472
6226
3579
4712
596
7622
77
4284
3985
4787
4503
190
2022
7902
4867
5175
3373
6374
5005
2186
339
9942
7233
5762
7787
2443
1571
7577
2242
3599
7005
5990
6206
542
9445
1496
8521
1977
3447
7947
5858
2626
4656
3227
6588
6646
8613
1524
3190
6514
2748
2589
1931
2660
2572
8557
4530
1855
2058
6268
1853
4970
5475
5632
119
5768
3117
8532
6201
5503
9420
5784
3501
662
3464
9717
7639
6003
684
2791
8439
9114
6184
1552
7288
521
5358
9675
7438
865
6764
4752
110
7988
3684
8923
8418
6754
1480
5899
300
9921
7583
3790
9423
8503
341
5008
2082
4346
8433
124
9906
8430
2931
9763
7175
5409
1490
1393
549
3348
2852
8089
1620
6265
3868
6895
5725
4345
2138
326
391
9148
5
7039
6946
7994
2250
1261
8679
5174
2319
9164
1953
830
7897
9395
9031
202
2929
8727
8501
4467
592
2388
9815
2326
4958
6600
7300
7801
7531
6308
8325
8538
2908
8795
8550
702
1565
6587
1647
555
6808
1582
1091
94
595
5914
2067
2390
3623
7664
5418
8053
2090
2025
4900
8108
7767
9766
4048
4320
6606
2731
8888
9200
1023
1766
1359
1
5714
4444
1996
3991
3377
7031
9611
7603
3592
6822
6636
5196
8532
6415
6242
3868
2017
9549
3630
5106
9292
4470
8994
9747
653
4100
2941
9497
7146
2871
9692
8505
5125
9900
454
5686
1049
661
4487
1175
742
4815
598
6518
7381
694
2676
5568
761
8905
6666
6539
9670
3778
7241
5595
6986
456
6643
1847
1031
1212
7698
407
1377
2144
7198
8092
5365
2916
1012
5737
1106
8041
9459
7464
1684
9032
1948
3364
1888
9949
3226
5993
3129
7017
9712
3318
9674
23
533
7572
147
1954
3718
4401
2256
6899
7281
1827
313
7541
6249
4471
945
1322
2070
8509
8131
6222
653
2627
6787
9189
662
1991
150
6088
1944
9531
6980
2632
2212
3804
7920
6026
1649
4206
5719
5487
3605
1102
3002
8565
2980
7598
9441
7584
1222
6086
4202
6758
8770
260
5044
6776
3099
8571
1676
3937
5986
3883
6342
1287
7564
3134
4531
7149
7900
6894
3838
9494
1578
6314
2934
8413
1161
8152
8666
7071
5105
945
1159
456
1280
7504
5563
8013
1487
9774
3200
609
2339
8058
8623
735
544
4588
7072
4393
773
1033
357
518
4571
9377
364
6554
2790
1776
7410
7229
5487
5232
971
518
6859
6959
8978
7960
1800
7498
1858
52
4389
511
1390
8014
6970
5208
3735
6950
440
1344
8519
8810
9795
1427
935
3437
2731
364
8949
4889
5060
1709
1152
4573
6658
7031
9876
2116
2777
3446
9421
892
8376
3076
5094
1631
1407
5877
9444
1527
9198
4079
2031
4509
2090
9653
5465
3460
3209
9036
451
586
3599
5086
4062
8429
3153
3142
4411
5236
4992
3658
9209
5340
5274
8857
7354
7043
2336
6871
998
5786
6607
933
2250
9095
852
977
3052
8043
4515
4939
8659
5022
2045
3697
561
4370
2271
5778
8277
4349
1195
1848
4476
8085
6402
8462
4864
335
6188
7412
7786
6283
8360
3094
1862
6390
8940
8178
3518
5523
1014
3861
5055
9807
1166
5065
9602
1593
9363
8154
3310
1921
380
4121
8492
8390
5676
695
1679
9124
4061
5851
4324
3583
3696
860
8984
7710
8971
8942
504
897
8129
205
9860
5943
2657
6837
7409
6302
2224
3447
7135
4942
2237
3838
4541
7064
5003
1353
115
206
9357
8288
2971
1862
4637
9307
8463
6784
4264
2088
2256
9253
9557
8874
2053
8461
3567
5970
8830
5037
8876
9131
8530
380
292
6648
3879
5823
5326
2549
1594
5459
6014
2181
1095
9189
4311
1129
521
4943
1964
9460
3979
5387
4435
9504
7786
3517
4673
6396
6726
7086
5916
7898
4317
6798
5177
6134
5722
717
5315
4503
961
810
4822
501
8623
2231
4382
5495
9192
5001
7403
3941
2855
9848
6751
4550
9265
9935
2223
5716
4876
2172
104
2504
6567
3819
5855
1473
5949
3398
9693
3665
7188
5116
1775
986
5855
9106
3066
2872
3516
797
2358
1009
7596
6457
6865
7871
821
7873
3784
2027
2815
8038
7257
1809
7146
1937
7563
1571
5125
4335
5188
7576
1750
4042
9212
4567
3567
4632
3418
4719
4851
9043
5133
8538
9818
2940
6912
8552
9124
7067
4
5760
8160
9299
2077
6908
3305
3853
6849
1644
1520
496
3488
7371
5050
9928
2885
2112
2610
1622
6032
2202
3736
970
9392
1603
2536
3504
5506
1594
9152
8944
1688
3504
3708
7527
3333
9424
318
5265
3071
1837
6688
5397
9172
8149
9283
1545
12
7174
5945
6616
8216
4282
9064
3769
1978
696
5128
1841
2882
3680
1128
3067
1991
8728
3523
8061
7661
8660
6203
3992
4556
4316
2546
6531
4968
8044
1041
8332
254
4661
6320
7614
4935
5142
1727
250
5839
9263
9897
6216
9810
9870
763
8972
1322
164
6589
1859
6206
7935
10000
7966
8914
3368
2880
9033
5612
9356
1731
6950
1680
2182
347
1727
459
4053
1717
1551
3096
7652
1399
6970
8359
4448
74
7294
1574
5243
6311
328
7382
4124
1132
4249
1781
6623
4279
648
8122
6682
4476
7280
258
5927
7530
7228
7151
7456
1830
9229
4195
361
1683
2889
1419
7338
8507
8678
9304
6843
2244
5492
4220
4498
1420
7954
7716
7298
8882
5344
4459
4467
2976
4597
177
9915
7157
9850
2494
2595
9704
5339
7896
8333
3353
1262
4516
1831
7222
2450
15
7005
6637
5281
9760
9758
9783
6643
2647
3289
5251
9277
3929
2508
2102
6778
6982
4029
7900
2300
2967
9249
7838
6798
2339
9623
4663
2813
4614
4252
4446
5808
6164
1913
4077
3981
6092
3018
3262
6019
4130
2581
7971
5792
1718
8197
2308
7769
7660
4839
316
8209
2385
2462
2611
4546
1475
837
7761
3512
3158
5354
2198
4493
2551
7954
3707
3998
1756
5075
602
1990
8896
911
1839
4531
5182
7023
6121
7398
200
9808
7716
5640
8511
3705
124
472
9236
8166
6234
2586
3841
5512
1230
4994
4777
5854
1971
9651
8898
1696
8247
955
702
7367
5642
5660
6991
1794
3992
3493
3539
6705
3840
1126
6663
3419
4204
8724
2005
4254
6748
965
5253
2429
4515
9596
261
413
4321
7314
4075
4439
9423
2580
6173
5472
5245
6112
9184
124
5944
4802
9778
4136
1246
7244
5640
8587
8023
854
4079
5892
7443
5979
998
7140
7415
3271
3850
988
7538
5965
616
200
8088
8401
623
1645
2764
9356
7378
9077
7170
8013
1592
8300
1977
9717
9391
3966
2509
4154
4952
7022
1292
8468
5466
6395
8921
9176
8959
7191
2986
1960
7902
7047
740
4491
5512
8942
2175
5722
5416
2519
1306
3197
4521
9576
4931
3171
134
9371
5283
717
6425
4723
8226
8096
4471
7466
4784
244
2153
7457
8974
8780
9254
2145
1923
2735
8890
8152
2830
8985
1960
8770
3483
7772
4262
6222
1020
1672
4502
2061
8698
7116
5781
1544
894
1462
7680
9514
1833
8236
9049
8411
2698
4136
5907
7585
8324
790
606
9279
8312
9640
5195
5538
7507
8346
6616
767
5864
8540
6630
6340
2705
8120
8081
6575
388
720
332
1879
5685
349
6761
6017
3093
8364
8848
2611
2928
7367
6300
6622
537
2717
4817
8420
3403
4609
736
4629
5175
7645
2528
8133
2668
8559
3107
266
7121
6565
4819
4838
113
385
3298
2079
1401
6097
2897
8513
5965
9118
9610
7277
6044
8755
2677
129
7836
4588
9185
3046
9494
2237
4678
1969
3
5071
1868
1280
2318
6372
4734
2175
4015
217
4237
2163
3077
7875
2663
8393
1794
2786
9557
1689
5713
6929
9623
9078
3591
7708
2639
950
1624
9918
2304
7617
1573
4623
6934
3299
2608
3081
8633
3076
4648
956
9863
2254
7698
1446
6292
9681
8762
7244
6701
5158
4244
1448
8685
9446
7056
1361
1409
2674
7987
5041
8415
6412
4225
5284
4153
9572
6627
5292
7448
2316
3609
3770
3672
6611
1263
3415
8516
2746
2747
1418
269
7881
6131
6120
5827
865
6600
9624
4065
8598
3031
9329
1148
5391
2960
2149
5302
4316
6022
8415
4999
8497
7348
8326
9706
4421
3536
9366
4165
7437
997
7283
779
279
9134
3922
3443
7485
8660
6089
3037
4832
1766
8592
4497
5158
969
9553
9960
5689
5874
4744
8967
1263
3693
534
6736
4942
6209
6301
6191
5367
4947
3041
8549
5930
8448
3994
8500
8086
7861
6898
196
8284
2133
124
7522
6578
9314
9239
7851
445
4392
6310
319
522
4580
921
5960
1388
5880
6837
5337
7477
6898
532
143
3721
4465
3693
1380
7082
9624
2999
9537
3394
4530
3875
3414
7074
5574
6124
3856
6732
8792
62
248
3339
9543
7083
3777
1560
3213
1684
8659
3933
3347
2882
9959
8655
4030
8273
5505
5099
3171
7958
2999
7714
5216
6498
6391
9260
5977
9099
7351
9916
3772
9286
371
8727
1731
2297
3523
4067
7064
6357
2480
5360
6965
77
2540
4820
4069
777
9147
6528
9323
2001
9188
3787
5719
1088
9188
4409
3002
4615
2145
3517
1303
3186
6207
3510
569
3469
4272
8489
5567
8489
5877
469
498
1679
269
901
5398
4830
6781
5355
5299
9330
7165
2548
9660
8646
5364
2674
4449
9993
9838
2142
5892
3786
3867
6503
5483
1419
6286
5915
9963
7819
2184
1758
1235
9822
9991
9585
8148
3056
2170
4951
8791
6843
8458
8128
758
5987
47
6495
6516
6508
1233
2845
932
4530
4974
6140
8688
5014
5207
3397
1602
1017
7703
4135
3517
8429
4923
3465
2742
8282
3951
9102
9976
9711
2161
2803
8038
5681
6731
7730
453
5393
2409
9350
2361
1572
7447
9863
7157
962
809
8258
3492
1317
1529
8602
3378
5616
7683
2128
2590
3734
4268
650
3074
1371
2522
3696
2902
3745
8801
7639
4372
7537
9601
8553
3119
6904
2453
1921
9534
9583
9833
6174
7329
5647
2607
1851
7716
8557
6060
9935
2792
2276
8474
5421
7982
3848
1668
5071
8865
521
8764
7856
2002
9577
9913
9107
5473
734
932
9860
1830
7439
8010
3053
9150
9789
3851
6688
5833
2363
9175
935
1013
9473
6851
1307
7905
3855
7878
3336
4718
4840
2584
1608
333
5374
4344
8782
9346
6934
8305
7414
1667
8519
5457
6654
9195
2354
5711
2424
5832
8112
1818
6297
5202
9760
928
5987
8461
3405
6800
5964
3167
2942
3598
6818
5248
1989
7718
5779
123
8460
8723
748
3497
9126
1020
1319
1833
203
2254
3640
3353
9385
1620
9025
1280
4069
1765
4436
6029
9549
7186
9567
7830
5128
2064
3518
9859
6531
5740
2138
8057
7330
2877
1503
9952
3448
3193
5756
4957
181
584
2271
2326
6129
3046
5941
4964
2243
2532
1594
4214
4451
9421
2950
9021
5337
9409
6260
6056
5967
6113
5119
9267
5207
6750
223
5091
8229
8409
7633
8556
3738
445
5459
2898
2820
7772
2957
4763
6848
1632
2374
3876
55
5310
9111
6440
1849
1748
6519
4406
4182
2289
7150
9696
4681
4731
4250
7500
1660
1614
8408
1416
1446
512
5612
5188
7408
1959
8874
6957
8010
1633
662
961
9590
9944
2605
9344
6033
1466
2366
460
3134
9870
2421
4257
5160
6401
5468
3224
8036
4744
4614
6839
4763
3599
1248
4978
1857
6839
9019
1281
2383
200
4261
2944
7980
2516
3843
4611
9201
4035
9353
4934
512
2183
7261
566
6569
4541
7642
1534
722
6568
9179
218
6350
6438
4931
9137
52
7425
6678
4828
7036
4411
7470
8125
8903
2612
285
9872
6753
7949
5439
8392
4288
6732
3140
1097
1957
1476
5352
9343
1736
2573
238
9067
5281
576
1155
8885
7514
4859
5002
998
8119
157
1029
4356
3281
39
3804
38
4700
2188
1415
3620
6869
8098
6060
6129
2918
5555
5870
9033
9156
6040
5194
6636
5145
2910
8484
6721
9877
8832
9293
7299
7054
3088
8038
8228
7208
2452
5203
7065
2059
8271
2642
8349
9734
3717
3065
5214
7837
8636
8891
5949
5472
8416
3048
2829
4082
5088
7288
9422
9266
2873
4985
2598
9972
8770
8009
4126
4999
1316
8899
6015
641
4777
2096
5477
3594
5780
3287
6174
5479
2779
7029
5108
8917
2020
7036
4894
4046
6483
8449
2704
8593
2624
715
934
1897
4722
3588
5939
5993
3455
6013
1986
5746
5087
2007
4729
5925
555
1343
605
2903
8619
6989
1075
1948
6705
6127
5757
2867
882
8726
4067
3350
2574
5705
255
4130
6355
349
346
4032
9698
6154
1843
8958
5476
4338
5120
9718
2850
2750
1269
3410
321
7484
6137
4398
7399
1660
9837
8325
9797
7147
685
7139
3983
4609
1074
3607
3712
7174
2207
2934
2560
7795
4711
264
4752
8553
4518
2617
617
4755
4057
7219
2815
5709
7891
5414
6209
4590
7391
9428
9464
6403
2282
8255
5947
9073
2566
5284
296
9829
3733
5394
8953
245
6017
5087
9692
2870
2691
1476
3501
9628
1207
3642
5185
8665
3875
4891
6606
2292
2145
4974
7088
7486
5257
7918
9937
600
2568
7247
9782
963
2489
3510
1030
9344
7129
7555
9657
9277
1359
3525
2935
9418
4044
7289
5617
6151
380
6621
2963
5009
4941
3301
850
7563
1177
8498
5339
1223
4596
7371
4458
9233
7259
715
1290
2365
9825
422
2497
7255
5613
8264
9528
6657
6034
2233
2457
7391
9322
6662
8303
5998
8899
6633
2635
4588
8016
3540
8952
2752
5151
7049
6404
9434
913
8421
8883
7841
4605
9971
8045
7647
9670
7473
9145
2086
1327
5696
5215
382
7622
4412
5301
9674
1584
4877
5886
1150
9937
7368
3316
5601
8499
8484
3498
3792
9039
9939
4180
4641
8191
2934
4402
991
2053
8895
7222
5333
6299
1289
830
2407
1021
7780
9677
5849
1467
5669
9848
3750
2607
8098
8156
311
9642
5809
2333
3623
486
1980
1198
2230
2258
9255
9616
124
5018
1187
9475
9845
6647
8618
5064
3577
952
5104
2985
1569
4079
3665
2829
6153
7985
3185
3114
7088
8836
8487
3705
6498
8436
4122
8591
395
6669
589
5883
3981
6688
1185
2971
383
9898
5631
9749
6958
5336
8643
3285
4510
4729
6963
3865
9570
553
8208
9951
2194
1431
3938
4845
1389
3712
6623
7638
5620
8938
6319
1299
3910
7367
5981
7327
3345
5918
6082
1431
6601
1749
4811
5322
6629
1086
5908
3722
7018
9382
4780
7746
5405
2494
1615
3419
5581
2011
7626
4587
7566
561
6831
575
9948
9336
5111
7864
5727
4568
456
2296
4815
1247
2048
2970
6252
3005
191
6667
674
383
562
1270
4891
8830
7990
3233
7690
4566
5974
480
2521
349
810
3380
1273
695
6006
6111
9949
5613
4845
9033
5693
7166
9629
113
3139
4910
9209
6629
6541
2509
8639
2755
2079
4250
5382
4191
4766
6699
7981
1370
5537
639
3939
5466
7681
7821
7784
9613
9710
4846
444
361
5328
5949
3317
6428
192
4853
5898
1152
3625
4815
176
4086
2537
9261
772
8166
2794
9907
9012
4356
5921
7820
2385
8276
3031
284
4588
3183
2641
5126
9557
2280
8560
7784
2404
7396
2386
713
9478
4474
3919
2299
2644
1539
8174
3482
3405
8801
8092
4099
1008
6962
7517
537
6541
8376
4870
8813
2758
1630
7897
2401
5938
9676
7354
393
9698
6186
3408
2494
2189
1421
8905
4402
3608
5586
9293
1473
1553
568
8915
3519
2649
8903
6222
4399
8182
6296
3024
5503
4674
3531
3595
2289
2024
9024
6814
9519
6186
591
8119
7684
6696
627
6849
3128
1280
6131
2258
9272
3729
8026
2736
3582
4316
9809
3166
4865
2369
8129
2385
5761
5456
9468
3965
1787
843
5041
3022
1635
304
4895
6535
8176
3018
3715
2071
9019
7744
7866
9193
4921
3794
9612
5804
3976
4100
9848
4524
8158
9125
8111
1937
3083
8746
9010
6477
814
7750
491
4040
3658
7910
5718
5974
1984
306
6772
2721
4237
4462
3995
69
5639
3717
813
9019
6541
8430
3102
5016
8517
6836
8736
1451
8223
2727
8391
9831
835
8213
5257
9478
165
2596
456
9883
8854
8372
3192
2398
9127
7408
842
4450
5637
5977
7325
282
7790
2272
4690
7549
6634
7905
1174
3936
6139
7223
5662
2620
486
3814
3057
9333
2022
7549
6714
5297
5110
2833
6338
46
1699
6659
3527
45
3047
4620
5658
5433
9191
3345
618
6257
7844
2345
2136
7640
7920
7347
7409
821
7882
5486
2999
6570
5228
4804
7279
7673
8503
3078
4570
915
6097
4358
7722
4191
3037
4489
6531
2538
6466
1164
8537
1338
2371
5694
4019
9412
2458
8147
4811
4755
1962
7847
3673
4462
602
61
2200
8750
9998
5336
4972
2338
482
3018
6549
3690
520
1011
6931
7347
2868
7114
4060
7227
5924
8911
9735
2961
9676
2834
3765
6959
9958
5534
432
8389
7244
5821
3837
1572
6001
7187
2251
7543
605
7491
8835
7831
747
7700
7903
469
6774
755
2826
1428
7143
209
6174
341
7372
4869
4186
2648
224
6320
3863
7947
6549
8465
448
8025
2873
254
5653
9768
3254
6617
3086
7793
9879
423
1830
7922
6662
3487
1305
365
704
2617
2259
9879
8254
1066
8303
9198
9208
4176
6684
4055
418
6544
7008
4977
2502
1154
1992
9326
1321
9306
6836
5941
4382
3414
9085
7735
2409
6779
5126
1780
8738
4143
2261
5487
7324
3412
5960
9685
5649
5887
6418
2587
3933
3008
5427
2287
4395
566
2224
2498
7030
1431
2041
9756
1718
2337
4940
2498
7766
3533
3268
645
1142
4444
7827
9895
4474
5724
3403
4362
2115
9984
7133
3034
357
7897
5094
8415
4717
2909
3339
7144
3693
5188
4948
1878
1595
4323
357
9398
9506
1040
6097
964
5522
1406
4913
4643
7787
4545
8958
3092
2738
2317
1594
7617
1136
8030
5444
1764
7616
5522
531
9480
8100
351
3694
9531
4923
9116
520
6935
9992
7371
2976
2939
1708
3845
3814
9333
9892
1894
9187
4621
307
7295
7122
8301
4143
6027
6938
58
9681
2299
2254
1800
7823
8562
4104
8743
9134
7171
8938
8324
3242
2585
8531
8588
5602
3550
7283
5891
8332
4122
3326
6561
7414
2006
1972
4918
7398
4780
1188
3258
5105
5825
8839
8084
5235
5007
8483
9171
7187
3547
4070
7115
5139
6975
6956
638
1476
6783
6299
5638
4438
5968
7800
3306
437
6933
1969
4597
8589
1326
1930
7107
402
9517
4837
6997
9502
2790
7588
3272
2432
6242
2647
8874
2613
467
7974
645
3016
5017
286
6766
1997
2834
3041
1902
2599
7654
5201
6768
8285
4929
7934
4978
5163
3462
5566
7480
9288
6467
6599
6242
5320
4989
3505
7513
1992
4658
8156
5377
5905
9732
4883
5700
7990
4875
6227
1887
1818
4131
2485
4376
8321
737
94
2521
8911
6279
7247
7640
997
3905
8599
9843
4010
8482
8458
5021
1711
5580
8091
9147
24
9425
3273
6059
3168
3066
9767
7640
8873
8483
5151
9186
453
2988
81
3020
9236
7186
5765
9697
2645
3971
7734
5565
1461
3028
1445
6633
2654
9380
3609
9709
2428
333
7567
178
1300
7067
920
1894
2214
4163
9351
7924
3582
711
5833
6133
5770
6347
1576
2365
2699
6831
3085
796
1803
5108
8716
9364
4193
7178
8904
6967
1632
8666
9844
8460
1177
6754
485
3932
2702
8416
4921
3508
8660
8092
5818
1422
9669
6953
4077
885
9905
9509
5019
2243
2463
9686
4141
3075
2961
9235
2312
2552
1683
5123
474
3432
8865
4787
1156
168
883
7713
504
5264
7167
3902
8086
9726
7270
2396
4199
1700
1739
7653
6780
5730
2783
1818
5033
2664
4841
807
4000
444
706
5180
5624
2066
4952
3407
2618
7955
9139
6982
7452
188
4366
2204
1953
6812
9344
1776
7937
8750
7440
5990
9719
7537
517
1393
9806
7585
2885
8273
3776
5502
4109
2222
7110
2093
6157
7470
4809
7980
1077
3306
1083
8993
9686
7592
1419
2095
9874
3594
8361
2254
7831
7687
5125
8954
101
2761
9760
3258
1587
1733
3362
9815
9055
2718
9723
2239
4146
4547
4059
7134
3418
64
9555
1031
4978
447
2589
1541
2300
3920
9372
622
3291
4734
5096
2441
1042
7304
3286
1325
2418
8543
8445
1979
7488
2371
5816
4675
9733
6942
335
3244
257
5019
1561
4842
6658
224
4838
1006
7298
1426
1460
635
3569
1334
5322
3305
276
2522
2236
3431
856
6012
1271
5338
8498
7760
965
3775
5029
9992
6786
335
7719
2537
2008
6204
6838
6127
5379
3963
7975
3378
5147
1731
5918
8506
7671
4232
4343
7142
9489
4696
6466
1909
7098
7561
6528
346
2161
7555
8458
7656
5173
3186
2378
5442
5931
6227
650
4206
1197
9073
4898
9743
3677
3878
8207
230
1204
7362
6722
9596
478
3726
8698
8080
6264
9969
8603
7552
2724
1847
2863
5083
7418
9921
3758
1329
3975
730
6024
8163
7509
4845
6376
1
8979
3196
2280
7940
9951
6657
3213
8075
2736
8535
2836
6665
702
3513
7979
1470
5287
8301
9641
2748
7160
1276
7428
7207
1830
529
6920
9796
3363
1686
8630
6089
1524
3351
763
9716
6238
6115
7389
1796
3923
3839
3067
6996
7571
9670
2445
4600
8511
5754
2912
7476
2603
753
3665
7960
536
2334
1050
4086
9358
4049
353
6409
841
7666
7260
5415
7759
2674
5963
416
5870
8265
99
9098
2074
5628
4297
2571
1893
5431
2731
1312
4262
6313
7031
8584
4854
2716
9663
4048
3273
8921
7765
3057
8865
5726
8845
4729
3273
9048
8595
5404
8920
4047
7154
2851
5073
7180
7974
758
4412
690
6652
2179
1844
2398
7574
2014
8799
4868
5415
5528
7667
9139
5765
9057
7611
7958
3381
8660
7718
7946
6938
1963
1866
8502
7470
1756
6755
6861
428
1813
8683
4257
4559
8894
1046
1275
9773
2832
8760
3480
1600
3563
9086
8763
3456
4400
995
7551
7079
1689
5122
2693
9188
9576
9155
9069
2072
1152
373
5935
133
3640
6386
9873
8518
950
6541
3150
697
3585
9626
625
7832
3065
409
77
4820
149
4022
8105
8454
6355
7913
1195
1425
2553
3538
7526
3668
8566
5023
3477
4178
1117
4551
9158
4831
2368
1696
8039
881
3783
8194
7418
6658
4389
2374
4933
1417
9810
5845
5304
2972
5515
3614
6002
3129
3861
8934
6386
911
9139
778
5476
4850
5429
1426
8893
2874
9455
3502
6183
3517
6984
5613
8956
813
3923
4859
3000
425
5009
6418
1901
4920
6886
9582
5157
1390
4013
6611
6488
117
1781
8070
9942
3935
5792
9885
977
2538
820
5099
8923
8429
5954
1738
9623
4781
7969
3161
3117
4475
4024
8843
6001
4033
2745
4045
2445
832
4356
8650
4047
2676
9181
3327
7303
1290
8353
4668
9397
55
2814
6528
9734
2321
1210
2068
3335
5911
4733
3641
1879
6738
1692
3425
1720
513
7374
4156
9069
6759
4061
3237
4858
1291
2519
3959
6198
1135
4675
9059
8815
8662
6750
60
7124
5473
367
8348
9053
2559
545
3192
6767
3849
959
701
3219
8981
4382
6600
4331
3502
4156
3772
5705
1047
6324
520
3601
761
8947
447
5931
2710
2965
3863
7729
266
3553
926
9778
4725
4975
3058
7178
5863
6722
9813
4108
5127
6637
2826
9156
8258
2895
6228
6598
7063
4530
3854
9757
2387
9075
6202
2663
7981
5477
7321
1993
4676
8048
2654
635
5944
9064
5207
4925
9260
3658
2528
3782
9155
5010
8253
5830
5026
6929
6918
399
8694
1995
3534
2987
8862
3191
3992
1570
9576
320
6032
8324
1983
2200
5741
4935
2326
4863
9787
8841
9447
778
6656
4883
1453
5960
3429
227
5220
7750
1379
2626
7787
1373
6600
2624
8225
231
8961
2358
325
466
2419
1275
6511
2385
5085
2602
1327
9818
6166
8183
5171
862
493
7127
1645
8701
9168
5267
57
7574
2250
8598
3333
3232
2709
6926
3540
3319
8491
8709
8860
2140
5198
6970
1921
5371
9426
4307
8135
5605
6052
3946
5460
9539
1411
9402
724
9535
4117
1388
4934
1493
7605
6190
6758
7408
2765
7370
9605
4179
1472
8854
6735
5514
3832
889
788
5650
7064
5220
2324
9156
199
8661
8041
4570
4168
8059
2770
879
182
3121
3382
1354
2142
4118
7999
5690
3929
5429
7359
1842
7287
1140
8782
7393
9700
9378
7812
665
4723
9303
3303
6173
845
5771
9062
7786
9960
795
988
8626
3806
7011
6237
3224
101
252
6358
9565
4626
1177
7559
9484
900
3257
3216
8741
7980
9976
7100
5252
7770
6605
9071
4822
8199
4421
8638
1570
553
2782
8309
2383
5010
3644
523
9429
1622
232
8230
3254
3732
7108
864
4027
4283
4666
5111
7759
7336
9686
5405
5701
3810
7013
5075
6631
7070
8382
7420
9440
4992
5380
138
2039
5035
5674
2494
4264
3626
2872
9997
6290
7752
190
2258
9048
4778
8533
3924
6832
5365
365
73
3016
4760
1665
8886
250
8528
2299
5382
5906
5594
5435
8963
5593
2358
6344
6935
1286
550
6449
130
1368
5942
8470
9055
6526
6996
8051
1846
9270
3772
6759
5997
605
4928
8710
7599
5645
4519
5858
145
4895
4613
542
8073
5368
6442
6655
5814
4267
6260
9183
7311
9245
923
8354
2921
773
1773
9392
8317
1325
7625
1202
9479
8247
7105
2807
5910
255
9386
6395
1199
249
3777
5835
3014
7769
326
3735
8549
3836
2643
2735
2914
8697
2344
1557
8291
4735
9013
8022
3514
7222
959
6084
3594
9693
2402
8601
7812
1619
2247
4343
7593
9948
5491
8416
7069
6244
3432
484
8913
4178
3268
4405
1979
3080
8716
5822
760
5176
5266
9498
1682
5801
4855
5219
9274
8608
1200
9722
7635
8479
6423
3235
2824
1704
4185
37
4194
5701
9052
7908
2328
7970
6638
9072
5953
3616
6023
7198
5352
7393
8030
4889
7342
8337
6952
2287
9092
7431
200
8252
9510
7588
204
68
9113
2057
2513
5841
9412
2715
2541
5475
465
2708
392
3407
188
4621
433
1884
4489
4513
1540
1679
2306
49
5500
9358
1302
2293
8761
8426
406
769
8944
2125
1518
3664
8222
7987
8687
8090
6309
6027
784
8254
5786
267
6444
4043
9909
3511
6097
5044
2602
3888
1260
9720
9258
2998
7679
5254
5874
5500
1707
6179
4674
3484
2777
2051
5156
2954
668
9237
9930
4411
1178
925
1522
8667
4286
7849
3944
1926
8673
4840
8711
6588
3441
7702
4035
7334
8889
5315
7899
4625
3099
1590
5123
4732
7051
695
9469
5958
1653
2451
4749
309
9269
749
5747
8136
4329
6121
1772
3153
1108
7620
8467
7416
7365
8364
3928
5077
8384
9077
3296
8414
4852
3263
3651
6647
710
267
277
2857
2023
3545
5969
3901
6612
2932
9728
7797
2986
4122
2951
303
5021
4728
9521
2263
7628
6788
7166
735
2178
9069
5926
3311
1335
6892
4976
1537
809
3150
7617
4696
1055
9518
409
3776
3215
1867
6284
4735
5052
8139
4256
4572
1561
5029
7102
6698
7921
9461
6733
2033
8294
5787
93
1986
874
3683
409
1182
5717
4060
1426
5222
4258
6287
5579
8865
6277
5598
3727
4109
691
6953
7693
1941
4798
8025
6451
6214
87
6549
6450
5613
5722
5628
8020
5802
9156
4861
517
47
8574
3856
7361
6645
1687
8220
2139
3895
9482
3989
3431
3951
1601
1266
8402
2447
6048
1734
4624
1826
9785
3501
8444
3028
3135
74
3920
8085
8257
440
3461
4868
6804
9890
1980
580
5183
6022
6086
1444
1793
5846
9949
6453
3758
2109
6972
4076
9943
8654
1581
4817
5844
2158
8260
3147
1828
7984
6995
1323
3849
4986
3115
5543
9720
7694
5237
1745
2372
8069
3825
257
7304
1239
5916
660
2478
6089
7651
4737
6237
9284
3485
6976
5701
3817
207
643
3222
7231
2959
633
4491
5507
2538
286
7883
6167
971
796
2461
2313
6241
4629
2835
3484
8670
3386
4377
3474
3346
1871
6731
1589
7086
7078
5166
721
1187
2878
1611
3250
777
8483
884
465
6063
1523
3394
4681
6830
5701
9354
9227
3342
9665
8198
6022
686
4986
8989
4823
7833
6559
2946
1031
9559
9710
4713
9847
6854
6228
8286
6534
5847
9741
4133
8850
9401
1510
6383
368
492
8162
7558
5022
6041
5637
8813
9237
223
9862
753
1227
7858
1215
1358
374
6715
8516
6112
114
6777
