5631
4939
5370
5874
6928
5634
4864
6924
5071
5374
2729
1656
6396
6943
4273
989
5864
3391
5314
5830
6575
763
1831
5270
5408
464
5261
3641
1648
2675
3686
2647
761
2349
2065
6579
4946
4248
5102
1946
1587
4966
1756
3990
4156
4217
176
1195
398
5420
1434
4562
1786
6423
5250
654
4838
2643
6850
1043
3455
4174
6195
869
6453
3562
6932
5203
2938
806
141
3885
569
84
4561
4428
5574
605
4439
5823
1397
4101
3667
5002
5932
2757
445
6653
2411
3486
3747
2939
2802
5132
3309
5311
5442
4308
6631
4667
2959
2841
3668
6331
6254
2045
6227
2703
6857
1639
1622
3973
376
3521
1756
3103
6995
3842
1825
5310
5951
2334
1166
1828
2153
1507
1565
5533
6588
820
1327
6523
5152
1822
833
2152
1799
4300
1299
5722
807
6151
1287
6960
5982
1932
6759
5917
6944
6088
5101
6654
6725
812
3094
2404
462
5462
4975
6068
3919
6641
321
3708
5299
808
5373
3116
3924
466
3846
4215
2172
1978
1019
2980
6819
2420
318
2499
2556
722
6065
953
3403
5836
4018
6532
3935
4358
3886
3592
3467
3250
708
1492
3715
2439
6623
3979
4565
3145
3921
6937
2828
6132
482
3377
6295
2069
6135
400
713
6525
6524
2684
3082
951
6105
2227
1221
6264
3561
6422
1676
518
5395
3407
965
5077
94
1616
3359
3752
5739
5429
4677
6917
2802
2142
3150
2556
4023
1629
4516
4616
170
5407
5939
4308
3436
2430
2248
4168
2927
5082
379
3596
3312
5894
6520
5029
4311
3917
6554
235
6725
6296
1497
2343
3673
5983
795
5977
706
3373
1361
1556
1909
3325
6870
3090
4832
5834
1894
3335
2374
1851
5700
2438
5649
2845
5715
650
1196
2465
2656
3065
6239
129
591
1084
6955
2569
3136
4859
5290
2917
924
5484
3723
2201
3475
2752
6671
3169
6615
3354
175
4924
6723
6869
3711
5147
703
4300
1270
3697
231
6017
3759
5507
3903
1183
1732
1841
5111
4444
3370
366
249
4854
5688
1401
2562
5411
6707
3915
1425
2778
1717
5256
954
5759
920
4516
6929
6274
4745
1822
4135
3367
5386
1470
5387
5406
5280
2909
596
3885
1534
91
6791
1500
5486
2318
5157
1166
1220
2205
5936
536
6323
775
6137
4460
1537
6892
957
714
1610
6548
6671
3300
356
1826
667
6380
3835
4864
3927
2786
2811
2496
4447
5852
4596
1554
1324
846
4795
5412
3957
6200
5761
6152
4900
6147
5839
4739
1660
6434
6439
911
340
5469
159
5287
6548
5656
3441
4532
6100
523
1926
4630
5880
4360
398
1325
615
4371
2042
2175
2704
3510
5165
3634
4932
5576
1059
1264
3848
769
2580
5915
4221
3505
1089
1213
5951
6333
6461
2861
3212
145
6882
1549
2605
45
4803
1341
6023
5848
4319
1185
5521
6192
3025
6192
2850
6689
2086
1488
5115
4174
3163
5367
4953
3882
2388
146
3114
2614
3989
3126
4608
674
2702
6246
1665
103
706
4372
1170
4437
2407
3006
350
5150
367
2142
6542
6205
675
88
6352
3552
2701
6478
112
4988
985
271
2647
1702
1332
4439
3209
3054
2207
5266
1677
5257
5954
2716
5320
4241
3138
4533
5257
2339
1326
1125
4120
107
3671
1048
2709
3655
6676
2401
6742
2467
3443
378
1175
5354
6737
3298
4875
2553
4695
4744
265
2668
1830
5756
197
1536
2896
4856
6137
4201
6528
317
1275
6068
6851
2049
6308
6150
5282
581
5080
6374
529
2100
1361
4562
6840
4307
6038
6426
612
3884
3226
5084
6062
5767
4968
5597
1989
1491
4124
2262
5230
156
2064
1456
4056
2724
5172
120
3954
5254
5537
4298
3276
4336
574
1746
2786
5525
5475
31
5791
1145
2158
6298
2433
6630
2028
5814
6572
6689
6586
563
4294
2900
6129
5049
3044
6617
804
5856
711
6594
1576
3663
1025
835
6005
3640
5930
1239
6279
4238
744
3283
4930
4089
163
960
821
2571
5424
5222
4803
6833
2274
5500
2861
2654
3895
5399
5386
3645
831
323
4995
1094
4502
4943
3570
4894
5917
5219
2726
6197
6634
1068
5074
1512
1983
5931
2959
3665
4919
2323
1773
2590
3630
1914
4027
4898
4417
6791
381
1761
6199
3285
1475
6294
1290
4013
1625
6536
1441
1510
2699
2426
4096
459
2755
1183
5735
4832
3733
1152
5212
2315
2772
5839
385
5517
4341
6869
4578
2187
2294
3469
3460
4528
2817
3679
569
5482
2516
4652
1870
412
6094
3432
5104
5011
1418
27
1984
4532
6222
5233
352
2866
3588
3540
6224
3904
523
3924
3417
3474
6954
2280
1391
6267
6571
5012
2776
4113
5757
1264
5001
564
1594
2698
3041
2655
3725
5073
845
4485
5465
106
5145
5932
6168
3666
5977
3826
5350
91
5917
2962
4442
3022
2303
5509
2948
3205
6893
4826
3381
6796
5889
3149
1454
6045
2502
1858
2119
572
4174
5999
6944
6539
5128
3754
1075
5845
1943
2292
2612
3504
2757
2703
1430
2586
3209
5297
559
119
4635
1680
5038
6742
4472
4281
4376
2829
3140
604
6074
2118
2624
2213
306
2862
3095
615
2771
1735
651
1745
6316
2987
2300
6399
603
1913
1817
6599
571
668
5724
6530
5960
3231
3873
4159
1690
4107
4204
1638
1624
580
2741
397
4533
5826
2547
4192
256
1052
3644
3113
6425
1065
645
6866
1933
406
35
4433
2477
4591
6698
6309
3139
6042
1026
1902
4647
3351
2606
2073
6884
2940
4148
1108
6641
4665
2696
4348
4825
2686
3704
2600
1771
2362
120
5915
6790
6645
6187
3725
321
1116
671
1308
4114
2669
4804
4595
4888
1331
6094
5884
3814
4046
948
3238
3624
2053
3789
5053
1483
3652
1179
2524
5354
3777
5335
2952
497
4093
5153
1683
839
3402
6361
1595
1384
3816
294
648
5059
4420
228
2878
6514
4506
5539
6776
4671
4163
4743
5633
2997
4698
2450
5721
4503
3584
6844
759
3908
4969
5141
2455
5333
203
4853
3981
5288
6522
4239
6175
5062
360
1377
2043
549
125
1888
5997
4251
1112
2559
2218
2194
3765
1970
3160
3183
1035
5776
376
2582
1392
3107
3305
1248
6889
2911
1962
5220
3503
3561
4324
6517
6404
1385
21
2454
5334
1988
1714
1932
5921
4780
538
2001
6404
1786
4121
2757
253
5689
6235
4756
1392
2512
2197
2044
2894
2734
1937
2194
2140
5897
5533
3910
6849
4840
6464
5531
6295
83
2909
3638
2054
5033
5995
6994
6968
6286
1030
6711
2584
2014
2155
4742
5443
6231
959
549
1382
6599
6231
5184
822
5950
4837
2919
2333
4556
3202
1463
1682
6552
2672
6103
6003
1102
4226
4239
3523
1740
733
4784
6129
2941
2457
1797
5102
3596
3661
640
4310
1454
2446
799
6475
1173
999
317
882
1987
5439
387
6366
545
5325
6737
3642
504
1930
4093
3657
5950
2391
6605
5052
1033
3666
1570
6022
2281
3094
1143
5130
5628
2078
5200
2672
1078
4064
4474
4319
6518
4814
4293
5778
3233
1254
794
6946
5126
529
3917
2161
1802
651
5186
4538
1032
340
6057
1341
1272
4285
5268
1383
6018
607
4291
1778
3282
3005
6406
6787
1827
5635
6181
5598
1252
3422
1562
4093
3405
3841
1437
101
1863
5808
5623
6976
4772
6524
154
2268
73
6055
3810
749
2061
1091
5337
6841
6873
5742
4190
6603
6765
1417
209
6820
4117
5210
1724
667
6153
6085
454
3990
3034
1505
909
2848
1408
2539
2047
4698
1352
105
507
1805
5528
6456
2501
165
452
2344
919
1552
3674
793
3706
6982
2148
5851
3800
2226
6365
612
6561
5890
3862
4746
2833
2171
5293
3848
2773
4767
3285
6760
5365
1999
6742
1809
3591
2584
1332
6877
5127
6312
4160
6233
6819
6549
416
567
4092
6429
6076
656
4333
4862
3939
6805
4297
1274
5290
3296
594
4178
4421
4736
2817
3020
1225
3197
3885
5736
4081
5938
3631
877
6657
5381
2620
905
375
5469
5544
5189
1088
6357
5109
115
2605
2654
4276
4552
1025
3413
2084
1147
472
5390
6901
2332
6865
5317
4377
422
4530
5962
1575
337
5627
1671
2516
6540
5329
2705
2858
1273
1892
5570
6672
5057
1744
4404
3555
2669
5951
2272
612
3260
3783
1930
4464
2332
2741
5555
961
2550
925
4931
3490
3623
5486
1478
2135
3806
5764
170
784
5242
4069
6180
2845
838
3044
6607
3387
5340
5212
5485
6890
1290
6307
3320
5931
896
2262
583
5080
4626
6632
1745
5108
6372
545
6144
6319
5500
796
6613
7000
3298
6518
2389
5105
4101
5546
1594
6555
2994
3560
6465
6038
3863
3666
2187
21
5370
6856
4158
6975
5897
3656
6396
5517
1275
3672
4232
5426
219
3949
3160
5913
5461
6364
5286
1552
6027
1631
710
3074
661
376
782
2939
4102
2827
1690
2197
6349
872
2776
4167
718
1166
626
3021
3922
915
6126
175
3281
753
6573
4780
1668
6996
1368
2734
4441
59
5587
985
2219
2903
3254
2887
2489
4717
5622
2307
375
4937
161
2448
665
3671
1484
5381
5303
2273
1565
4392
128
3445
2445
3597
101
789
4029
5435
2601
162
1229
6347
5122
2636
6903
748
5970
5605
643
2532
1856
5708
6106
398
2111
1237
3043
6024
2753
6495
5006
2152
5554
4180
3571
1023
893
4711
6526
3056
3895
2288
1068
3443
1051
2775
5729
2377
2653
2290
1914
1640
4084
3832
4651
1313
4987
828
4957
2802
2988
3440
2081
3606
466
3029
6391
5777
3455
4961
34
3986
4815
3059
1356
2251
3058
2228
1919
856
6706
5991
6079
5684
2355
3819
1456
6469
3054
1020
4035
6784
2453
5605
1223
1202
6986
1723
2165
3894
1534
6682
3969
5773
6198
3348
4554
5735
1130
1693
2816
4723
1781
4205
3351
6498
1849
5535
55
3909
4983
2236
4770
5860
371
282
5103
4742
2162
2542
6951
702
3095
60
2291
1663
4954
2682
6562
4845
402
6973
405
5159
1240
5367
4861
359
6907
4090
2642
1290
615
5518
2158
2397
2581
4752
2063
3414
1231
2023
1080
6343
1387
5472
3627
4991
6971
6819
5241
486
3183
1068
5552
5526
2450
4186
2277
2443
5383
1212
203
1850
2340
3721
1395
5064
452
4340
5705
1090
2426
3920
5958
4240
3006
991
6468
5551
6
6128
5078
961
1589
4450
47
2074
6363
4490
5843
4566
5251
5577
2676
1340
5828
5090
4583
5934
5460
1478
3454
5782
4868
1594
6202
5411
3293
4569
3448
2737
2023
1380
6672
1626
3598
6802
6121
5881
310
3527
4395
4885
1057
5720
1998
4505
452
1560
196
6261
56
6023
2363
2263
5692
5849
690
2532
2189
6513
1404
5949
1835
4933
4106
2688
3426
4137
5980
5695
4250
3886
5824
4748
6952
4861
5072
1409
2241
3914
6096
2103
2548
2781
2285
360
4729
4533
5012
3600
4809
312
4614
6528
598
1002
986
215
2984
162
1838
95
5132
1497
4063
326
1873
3634
249
190
1850
4903
1115
440
2323
439
6820
614
5125
5867
6619
1550
5854
3418
6984
6267
6311
6442
990
6135
6712
3126
3906
6305
5116
4701
6888
6928
3757
1950
2903
5651
4241
6105
481
1074
5598
3088
2733
3336
2788
1590
286
3985
5808
4497
3063
2905
5926
5198
4837
4241
6039
3135
863
2087
1647
3023
1906
5772
2106
728
5288
6329
1310
1370
1913
4992
4440
3110
1048
6786
1778
6124
5420
5432
1467
328
4290
1542
3092
3207
3914
81
1157
430
6944
5343
4763
1917
1533
3766
783
4547
5259
1245
6402
5255
1241
2104
2872
1803
6866
2776
4550
6695
2221
2768
368
1835
675
5771
4253
6423
6310
5673
751
6920
1711
3096
2520
5967
4440
5580
4203
240
3985
830
2548
4022
1680
5674
2252
1281
2836
6724
6571
5224
5429
304
2570
1992
3517
1764
5441
806
4357
5952
2071
4599
481
3561
1884
3232
5601
5800
4585
3040
2818
6883
5136
4835
3453
4372
4358
3003
4350
5653
3784
2701
4336
3544
3152
3708
2963
6634
1442
4343
2571
4947
3544
3042
1634
776
5894
2935
1347
353
5840
1697
1542
6566
290
6926
4286
4483
3921
3148
6531
927
6516
6385
3354
5036
2534
5019
3616
6993
5905
532
256
940
5882
286
3464
2910
3519
3183
5235
2192
3455
6252
4788
6937
940
5055
360
6895
4086
1877
2393
2032
778
5235
1156
3014
422
359
667
922
1366
6660
2147
4950
4384
2722
990
1562
291
2605
763
3845
3170
6572
5695
1672
5975
2403
2717
5169
4030
2356
3673
420
1592
2950
2965
4636
989
4924
2980
3161
6700
1879
3987
4604
5205
6561
46
1488
1313
4984
6095
5220
6955
124
6918
5388
822
284
5581
5675
2219
6953
851
3278
5385
2459
1642
219
6685
1878
4249
4012
3384
6228
5017
3748
4751
552
2364
1892
4965
3274
2278
1859
2980
3145
791
5305
1002
47
5667
6501
4871
2133
3457
750
3489
706
5403
658
6094
6570
1170
1053
4099
3326
6507
6662
508
4288
121
1022
3406
6839
6469
6684
303
946
5764
2798
1839
369
1530
262
914
2842
1915
5510
6672
677
6423
2554
2050
4484
3885
6767
70
4308
2635
3012
4758
6492
1644
4234
1573
1552
1710
2900
4390
5136
1811
3758
4970
5152
2714
6386
6787
5431
782
3737
5791
1529
89
4599
4649
2383
148
2955
2519
1845
2922
1139
3364
6594
5219
5367
4639
5723
5160
862
6534
706
6815
4142
1621
2579
3240
4270
3278
5807
3622
2577
4943
6147
747
3867
76
804
1848
3788
6939
4429
1180
3438
6500
2636
3873
5571
2041
6777
6529
5018
3782
857
1098
4143
5516
5248
4795
1356
1731
2000
1472
4411
6416
5004
25
3015
1017
213
6066
5588
1761
3060
4798
3710
3860
4871
451
3007
2002
2677
5590
1372
3030
4263
5228
974
5140
6787
4339
3970
2432
6776
2137
5670
4707
2210
579
2386
4558
2237
481
6361
2712
3521
149
2930
3887
416
2205
6852
2544
1246
1777
5016
964
3697
1543
4414
1098
4448
3049
4188
6867
1670
3365
2902
452
326
4378
404
568
5411
1319
6217
6368
2343
5863
3764
2384
2463
1995
2676
2349
6260
5102
674
1184
3058
5747
2394
4670
4939
2851
881
6117
1452
5035
5785
694
6812
3990
6940
28
6924
2047
6936
5421
3842
3929
5200
5416
257
4313
720
3930
52
4208
196
2803
3531
6798
1814
1079
2363
6350
5354
2886
2037
1934
6868
1968
2685
4983
1996
5061
6176
4752
5019
1091
1779
3283
6566
5886
6309
4291
3649
4919
6581
628
2531
184
6583
6809
2291
4979
2986
3941
2554
2492
3578
5874
148
531
1871
1702
4143
83
699
5344
2870
3914
2511
2724
2392
4330
4848
5200
395
3509
5196
2930
3467
2347
6893
6311
923
4487
2268
6986
2477
2531
840
2204
2469
5812
4555
6991
4696
5064
1880
2646
2807
1485
4181
5635
5088
1231
1489
3579
1528
6703
2313
6157
1053
5196
5676
1809
4734
6394
4008
4787
395
6335
5708
6086
3400
241
4623
2888
1475
6467
5207
2873
4771
5325
3979
6487
2779
5144
389
4211
3585
897
3671
5280
1004
2464
1767
5149
2705
2776
5638
3989
3119
1550
4840
2944
6221
6426
5675
1022
81
6074
4853
4009
6386
3049
3669
1052
5195
4496
1578
6617
5054
5419
4068
4245
118
3734
5394
6194
3911
2495
628
6553
6225
4097
5920
4689
6384
5739
4528
1652
2602
4151
4802
6106
3230
6573
2219
2016
3373
99
5630
1864
2850
6799
2330
3532
6051
3805
1151
4957
5059
5970
6564
2858
1810
1947
6121
2511
964
6463
1751
3200
4579
325
3283
4405
4620
5857
4575
4945
6427
4989
3328
5558
6585
558
5370
2511
2016
1483
175
5812
2482
2130
1886
3617
5474
4511
6596
3576
4943
1165
5093
5242
642
3417
2400
723
242
6654
5778
4087
3674
5766
2160
2195
4243
5759
5077
4382
3614
4072
3532
6063
2432
4541
1892
167
4279
1702
6575
5115
3213
6320
319
5744
4786
2280
4084
6234
827
1227
4134
3198
4893
1441
1240
3163
3962
1191
318
3664
4835
4402
4429
533
4382
4992
4727
4743
1977
6800
3968
5586
2350
5354
5437
6789
6983
6045
834
975
3003
1204
6366
818
1624
6251
3650
1639
48
620
1821
3914
3228
6794
3065
2492
6659
2728
6467
6213
4007
1820
176
6856
4215
6129
2298
5100
3894
2340
1530
6336
5367
3079
5439
4394
1522
6876
954
1505
4639
6264
2775
3456
5628
5625
3458
3156
6235
6719
4318
6927
6290
2959
4838
6331
4635
4665
3297
1182
690
2018
574
1749
803
4451
1215
3277
2992
1078
5209
110
4807
4901
192
2378
4189
5658
3965
1897
6146
2663
5674
536
6041
651
5560
4986
5901
3197
3336
275
6962
5521
3468
4858
951
126
6427
2402
3173
6608
6984
4571
5781
75
4415
803
5543
5006
3489
522
1448
3357
396
2000
2633
6998
5744
2801
2351
6460
2446
1749
993
6687
5473
2990
2371
3993
6697
3447
4934
3247
6636
542
6877
1569
3584
1005
6419
6447
5142
1261
1899
2479
5991
4794
6391
6628
4005
6214
3958
6474
6418
5663
4372
6606
3599
2411
705
6563
3891
3482
6637
2939
4375
5305
5090
5449
932
827
4042
505
4210
6447
42
6490
3589
6993
5441
3760
1031
5447
79
5638
4552
6905
1056
4956
6292
336
3634
611
74
4798
4326
5966
1758
4443
403
3117
1465
1997
4942
4415
2934
1272
1921
5150
5096
1945
2806
1206
2811
458
3143
2374
2591
4731
661
115
970
1938
6880
190
5408
1139
5609
3794
4793
3685
4935
2858
4120
3943
1364
45
180
4500
525
408
2948
4127
6924
5046
4604
1174
5206
1037
736
962
3668
1059
1440
1794
3353
1861
2788
331
136
5842
6698
4670
5096
694
2043
3362
4842
486
3188
5683
2247
3689
5793
1311
4897
5903
131
5497
619
484
5505
1827
4568
3251
685
2425
4683
1086
1759
264
1674
2118
3885
4683
1409
4544
2300
2355
3146
1614
6684
897
3451
3749
257
5038
870
4767
3468
6421
524
2965
5681
2740
5279
4186
2676
2734
2405
1760
742
6818
6451
1979
4021
6149
1374
217
1694
5755
5353
6447
5909
3471
6888
5088
1618
788
569
2619
2614
3601
1932
4429
5504
5569
5509
1746
304
6531
387
3527
4544
1266
266
2440
2259
6753
5850
3618
3816
6951
3213
5370
4872
2169
5100
140
5544
5398
723
2620
5144
4248
3631
4938
1900
2967
6472
374
4847
4505
1928
3904
4356
2380
3773
1193
3930
6216
1647
793
2147
4549
2845
1402
304
773
4401
4470
1921
1447
2309
1958
6517
3233
1423
3562
1368
4169
375
6428
5090
3242
2401
4119
4476
4941
3128
2236
6480
2658
2857
951
5608
853
3862
3626
3990
4716
5839
3203
994
2723
2626
171
6166
865
684
5551
5996
5863
5183
5027
5647
5074
5974
1320
3306
5736
4590
6801
3756
2215
5899
6780
3279
4422
580
5426
219
3828
283
6541
2521
5321
2127
4674
2424
1604
4529
704
4592
6471
6684
4385
2019
2296
581
6265
3844
2251
495
5229
1657
3762
1411
5146
3836
2609
3615
6161
4901
933
5346
3735
5586
1828
6492
444
4687
1090
5401
6268
2403
4527
3985
4806
4116
2054
255
794
2731
3602
891
3147
41
1681
6325
1796
5941
153
4753
5310
3328
4381
5733
2996
3626
1325
5354
3571
714
330
4032
5374
6515
6509
329
357
4571
580
2570
2654
3161
4350
5699
5024
980
205
1239
5240
2941
3001
6377
6171
576
1596
5440
6972
809
6293
4642
3610
4468
1781
5495
2789
5797
990
5791
6757
6518
3225
5519
1006
4622
6488
4564
2818
1589
5414
234
6888
1375
5106
3879
269
5912
2725
4671
2049
1217
704
2556
67
402
5547
227
1782
3103
6110
5152
4738
91
9
1611
6524
2746
2809
4160
3209
3087
4442
4186
6579
1236
241
3007
4580
5356
4871
208
3
2245
3714
5979
2627
2809
6220
6452
773
106
3400
5139
5214
4593
4202
6944
3011
6056
5484
3008
4725
2398
6322
2123
423
4900
3075
2212
3782
4963
2692
6055
315
1366
3686
5144
2368
3618
4189
471
6120
2472
1357
940
152
1282
4593
1362
5401
3881
633
720
1327
5705
1139
3622
5752
5903
4995
2781
1131
5172
5497
1283
2936
1760
5971
1488
3374
1519
6556
6454
1537
4199
5393
453
3122
1643
206
3420
2196
4045
6116
2164
6577
3023
209
1676
1968
3935
3392
4685
802
3573
5641
2217
3914
1781
6691
6229
5019
1309
6462
1953
4259
3746
1065
4069
2368
1933
5362
6805
2186
6546
3912
5518
537
4435
4120
4146
6534
204
276
572
4939
5830
4303
3238
4306
4048
6373
1567
6060
3615
829
2068
4328
4618
6122
2559
4732
2867
5405
2044
846
3174
1056
2232
2237
3518
6585
2027
4109
621
371
4228
329
2591
6703
1086
2578
1123
5594
5330
1594
293
2553
2913
2227
592
4898
2699
4809
6159
6725
4204
2881
2308
459
3569
4765
3092
5494
954
1012
2020
1900
6338
394
6274
5476
4004
729
2975
957
6669
3647
837
3644
386
921
1989
1568
6185
6037
6298
623
4493
621
5347
3558
4638
762
692
4784
3491
3471
3597
4289
5824
1302
4987
919
1323
4880
3719
6938
3557
2990
5626
1460
1062
6343
2430
398
2497
3913
2686
3523
3698
1312
467
800
4518
4452
2805
3808
3383
1283
3488
40
2739
6245
3947
5786
991
3120
6857
1862
6114
348
5147
3537
3161
547
992
13
2585
1632
2657
3172
4281
5754
3524
1339
4234
2709
6183
3011
4670
1330
6434
6039
4375
1223
1839
438
4209
933
1943
1251
4846
5867
414
1164
4881
5046
5592
1289
2155
3232
1831
3276
6399
2757
36
4300
169
6189
3613
4789
924
2901
2112
617
758
4788
4719
5719
2123
966
3847
736
1230
4620
6998
922
5008
869
2967
4242
5072
194
2895
4714
2120
760
2302
4557
5607
1039
5983
5124
1481
5593
545
2426
204
4335
233
6906
2739
4329
1673
608
6810
3427
5591
4762
2612
2613
6541
1140
6729
426
1157
3387
6811
6690
729
4034
6062
6395
893
6828
1925
3141
854
2821
1853
5045
846
600
1219
1092
1543
1015
6815
6478
5946
6784
285
371
1480
2849
5129
628
3343
6840
5643
1014
5940
2363
2649
2810
4477
4119
2651
4310
2172
2324
3377
5242
4586
3343
737
5554
6067
5038
6837
6992
3621
4211
2618
6422
3393
6688
1083
1798
6502
5892
222
2433
5335
2446
4730
5358
3557
4025
3432
1680
4303
336
1418
3409
1872
28
2913
6258
3537
2631
5648
4434
1772
5650
2423
5827
2481
3426
5058
3757
4755
6129
2909
1197
4706
1854
2790
3008
6362
1283
4127
6091
185
4306
6825
3438
6592
6291
220
6762
2116
4941
3285
122
6392
6321
1374
6290
1128
3855
6104
2982
4465
6651
5569
3074
3626
1422
1782
1874
1197
5169
5569
5017
1279
125
2060
6742
6529
6166
5293
4152
963
5122
6802
6594
1874
5516
1590
3317
4057
5259
2225
2672
3332
4263
5146
805
74
788
2931
894
1953
586
556
5356
1591
1865
530
146
4190
1704
4450
3381
2475
3393
2300
2328
157
6576
4313
1398
2837
41
4712
2051
3028
2258
1996
2722
5948
2198
6914
3658
1180
5109
6960
2851
3316
4431
3352
5410
2111
5043
4655
2999
450
403
5840
4473
4220
5213
2581
3258
2722
2280
3826
91
6229
4234
2844
6779
2962
2909
4607
3123
385
6242
6850
2909
6559
5329
2300
6885
4798
2308
6489
3502
963
2413
6511
1002
2159
93
4194
6776
270
5415
4991
6229
3884
6859
375
6623
5928
6978
559
5512
4561
3322
4202
6632
4960
847
1087
3137
6243
3198
1965
1684
4428
6929
5074
4105
3294
377
1819
644
4472
4946
5623
6198
3614
2244
3145
5974
3946
3532
5837
3261
3251
5662
6562
6928
4786
940
1468
5609
6755
2146
5582
858
1511
4928
6803
3632
6900
5405
6520
6049
4732
4993
5199
3471
3910
4564
6454
596
3763
3137
877
2355
6615
6373
6641
5521
9
4635
6930
5929
1516
3106
2915
2393
3191
6289
831
1214
2713
2809
4037
4095
907
388
155
5789
5827
6096
4029
3207
2604
3971
2561
4113
705
40
6843
1995
5459
2238
6744
3559
1924
2032
6365
6496
36
1730
6630
5521
6819
4999
6655
369
5347
1578
4534
2317
6055
2261
73
3717
5895
5219
974
4390
1154
4855
6173
2451
1857
6802
1919
1898
6440
1352
6605
3062
962
454
3876
4397
1374
2884
4127
1234
1246
3959
2277
6355
3802
6579
3746
4365
1321
6878
2153
3813
2617
61
5438
3461
5503
6867
2872
6153
4882
3433
5670
2404
4984
5790
6120
6038
2799
3552
3967
2956
1870
1216
6268
583
3639
4532
6866
4506
2960
2671
5415
1650
1432
5625
6216
6816
1562
4635
6067
1336
2447
2494
2287
6648
331
1030
6886
6124
3526
5908
1624
5571
512
5334
302
3844
4213
4906
3303
4966
1004
6145
3420
25
1606
5142
651
1996
5444
3625
4854
1196
6001
1759
5688
5963
4385
4562
5616
5670
4730
3803
515
5440
5190
4239
3144
1398
5791
5156
5806
1382
2869
5175
5091
6057
3930
17
1583
4163
2369
978
2368
6778
1800
1635
3454
692
1922
5563
1792
4436
3360
2928
2024
232
538
3338
317
3434
3743
6061
5906
6290
730
1133
1591
4851
5317
1133
1868
6981
523
1713
1909
4091
5049
72
3813
1803
738
2706
6052
2329
5053
4166
3251
2058
4035
2133
1899
3256
1815
1172
1400
6833
6477
4443
4289
4194
4963
1004
1974
4351
6939
3533
1890
4637
1971
4072
3329
1231
2973
3092
1066
3459
6377
786
147
5794
6319
5221
5066
5101
1342
4602
307
6009
1934
4220
4618
5311
137
4858
2033
205
5877
4156
3865
6378
192
1180
6291
6946
6776
5161
4245
5560
4513
667
5905
1660
1236
184
807
6250
1965
3647
3060
3224
2265
1124
3032
6549
2209
39
2934
1800
4641
3735
1220
5327
1024
2324
3381
3241
21
1854
295
3325
1327
3494
4572
4162
6340
271
1884
184
6241
2593
2041
3730
3398
3258
5365
999
4204
5615
6908
5781
4780
2177
552
381
754
4865
2995
1867
46
4182
3130
1555
2073
3769
489
3884
3149
6704
5020
4899
1141
5459
2021
4206
4054
1293
3069
6014
3004
3609
1576
493
5764
3782
4980
3085
3052
5032
5722
5375
3454
360
6669
5964
145
1742
4744
5678
1262
1556
2423
5991
588
3232
5885
5335
2506
960
560
6168
6287
3115
777
5833
1917
6914
5233
2968
3213
4496
3477
2904
1748
3549
3396
3438
1963
387
4640
1688
985
6934
6463
4478
5687
3166
2146
4004
4808
6481
1306
3504
260
5251
62
1691
527
635
6836
6102
6195
2726
2637
6975
263
62
1551
4163
3889
6197
696
3254
2675
597
1135
419
2174
3599
4291
1672
1333
2111
935
5784
573
3753
3313
4347
6145
1832
1702
5975
4313
1236
2531
3839
1059
4019
5600
6252
5145
1298
544
500
4567
5781
4688
5984
1527
4644
1463
6540
5189
4970
2332
3708
107
5936
3849
89
2594
3683
25
6007
828
1732
4329
5551
684
4061
10
3013
4139
2731
5165
5537
6222
1137
6932
2497
2109
655
4129
598
4110
6276
5095
5247
4475
1451
2774
2732
3504
960
3804
4548
2974
6214
4194
2825
4419
4604
3211
1462
3865
956
1207
3871
3330
5892
2972
2055
5187
2791
1114
196
559
1520
6530
3118
5073
4899
5134
3142
257
893
6486
6050
2903
5375
2475
4914
5885
5242
4142
5164
3296
3643
1505
3990
5803
691
38
598
3565
11
397
7000
887
3230
4255
1389
1328
4302
2548
2631
5677
5285
4801
5898
4340
1650
3708
1381
3281
6769
4954
5716
3149
4717
5582
4149
71
5044
702
978
4001
6604
1626
4669
3789
5478
874
4417
701
1632
6314
4441
6387
2257
5673
1001
1269
172
318
3343
2526
6108
1480
4014
2444
2942
2338
593
2180
3472
4021
4959
2304
1249
5484
3367
4492
1880
698
4450
5883
4986
4589
1538
1398
2976
5754
5202
5564
5279
4716
6552
848
2606
1797
2915
6736
5079
2423
4738
1417
2242
442
4286
5358
6375
3872
2503
2933
2144
596
484
3075
1226
4845
2495
3722
3307
6438
743
6233
3010
2770
3126
886
3246
1200
4206
3458
4947
4815
5392
6860
3530
1095
132
1152
6786
4268
3378
4564
1098
1493
6726
2940
3278
6395
556
3968
4522
674
5710
2890
4267
4701
471
6966
2513
2240
6516
3118
1808
4405
1574
3947
95
6241
1669
5793
6712
670
2186
1390
172
5768
3494
3581
3289
5766
2829
847
3956
2403
268
1496
4469
6525
793
1922
2169
1880
3022
170
2090
746
5473
1015
3001
6184
6199
1706
2342
4918
1533
2412
146
1089
3269
5813
5394
6924
4199
4645
4058
642
3989
1586
5455
427
1466
1508
6201
1059
4727
3834
5743
5000
6086
5491
2728
4837
6555
2039
2610
6056
4618
1230
3310
5568
1961
6233
3950
5710
1705
6861
6352
45
2005
4467
2708
534
2199
6278
1885
1025
4859
459
6184
2303
1926
4745
2426
6936
3177
2942
2569
5676
5727
6897
3705
4903
5616
4771
2357
6973
5077
840
5733
1617
3503
1983
6651
6425
3665
4033
1968
6788
6211
6433
3656
1658
5330
3995
90
5972
6033
5876
5812
2966
2701
5539
2439
307
4285
1961
5270
2128
4078
5860
5333
6181
6143
1853
5897
1244
4850
5497
5625
1541
1677
5519
6359
6173
4797
256
3246
2054
4678
2076
1636
5390
2445
2501
3607
161
2860
2429
4354
4891
3066
1321
423
1501
6259
4604
4622
4774
796
1391
5467
4146
2871
6101
6443
5381
6954
4945
3624
1641
3143
5737
2383
5625
5641
2676
3084
1625
5028
1479
5004
2919
3484
5184
478
397
6502
4786
6256
4334
460
6501
6356
5978
4298
15
272
3341
4017
2406
4977
874
1660
1499
951
5416
3654
2008
5048
3876
4286
6807
697
5897
2353
5025
3673
2870
3435
3408
1999
4353
2936
5683
2363
1005
912
1241
5592
4420
2940
1125
6803
1427
4001
2046
6110
4897
5188
5713
6032
2389
1462
1863
1374
4132
1771
1798
5573
5057
6181
2497
5744
5073
2884
2010
3896
586
4306
514
4334
2283
4435
3771
971
5896
1156
3536
6286
6285
662
477
3409
4146
1694
6854
1733
1035
3800
2600
1771
4060
1709
3932
3225
365
2445
4268
5758
63
6025
2051
1925
6650
1980
6031
351
3991
44
2697
3101
6441
931
4833
2803
5927
3988
1072
1364
2097
2660
5842
306
5840
255
1651
4363
411
4420
5464
1586
1384
4492
5440
1877
5960
1786
1258
4630
6335
5134
3522
129
260
5070
6728
1143
5733
258
591
1700
6638
5777
1565
5745
3925
4128
3766
6929
2914
3180
4022
623
65
1
5917
157
6755
3907
2052
5307
5379
4609
6088
3645
6763
4874
4720
5690
4241
428
586
3694
1267
2610
1841
5158
4014
6748
575
4636
863
4178
6776
1360
5307
5986
3123
5943
83
3896
6073
6780
2654
474
3923
976
6687
3240
5514
4477
3951
5991
6932
5658
2812
4332
4539
2315
6632
6679
6738
6611
3173
663
2694
5883
6680
1806
4930
6550
1028
1166
2787
5819
3306
1882
606
3296
6461
3275
839
3176
5216
3812
5148
6159
1976
1619
5588
2669
5599
4815
586
4738
6409
5898
1680
685
4881
4276
2725
6324
1858
775
1199
6168
1634
4302
1008
5931
6297
676
44
5280
1497
4415
2354
3454
1778
822
4499
840
6217
4127
3440
2638
5438
6199
1282
4939
4461
6954
5541
1840
3428
4428
2965
5351
6248
2203
5378
1982
2715
1906
6445
6012
5266
2916
2225
673
2045
4561
1188
1772
4864
2712
3540
4246
2304
5945
838
2579
872
4116
5558
2598
2790
6153
6601
5141
1431
5694
913
1936
1039
4645
4479
5259
702
6103
2863
566
294
2165
72
6486
4360
3986
3361
4434
4275
5603
1944
503
1690
3529
1015
1845
4553
4100
6887
2434
390
3316
6476
4984
6667
1426
713
1376
1108
3228
3547
5479
6575
3279
6843
3468
2377
424
3138
4910
2655
1182
804
1579
3230
4668
6472
3520
1485
900
4112
5136
2622
3723
2242
6958
3765
5269
2538
351
1331
6131
3493
6327
3131
4101
451
1285
6960
4802
6142
845
4853
6714
1713
4568
6343
4333
1733
5104
1645
4629
3118
1209
6762
3312
5742
6314
1334
6115
3988
3852
5947
1767
5882
581
1808
3821
5898
1890
3671
6115
4817
4992
2785
307
446
247
5258
2353
4726
5399
512
505
5928
2430
6766
2269
1061
1121
2283
319
4971
1960
6391
2500
6136
2386
6876
2132
2333
6354
5915
1782
806
2147
5105
6055
6793
5307
3321
1854
6018
3384
867
4700
2083
4240
1239
714
3388
341
3496
5250
6785
3717
2181
3473
1835
3513
4721
2605
6940
3172
1262
2430
90
4077
2550
1752
3607
1848
4161
165
6765
4099
1988
2017
5602
3822
4376
1525
3047
2149
1985
2549
1552
695
2681
5961
6606
6837
5205
4152
3965
6985
2957
4960
2662
3395
5205
1003
3737
2458
3283
5001
554
6636
832
2910
2062
96
6417
4244
3576
4221
4957
595
4844
404
4979
5161
5632
3501
4915
407
2211
4404
2559
4828
1293
2672
5673
1083
1951
4813
253
3417
3446
1640
769
725
44
1255
164
6199
2670
5189
2201
831
218
1502
4355
2611
5737
3308
6661
998
2041
4076
366
1579
2824
2649
5534
6459
4728
6259
2002
6733
6659
6774
436
2782
6340
3384
3903
746
5856
5492
1762
3425
2417
2737
4249
3748
4491
2948
6041
5849
460
1604
1051
6894
1831
3047
917
1417
3937
1926
1996
655
653
6793
277
6567
336
1246
333
3906
6597
1185
4887
3984
788
1286
5962
4417
6841
6347
144
1118
2755
1177
6334
2449
5780
6673
4039
656
6104
1441
933
107
6616
5812
694
112
3553
3636
4369
5612
5807
2783
6851
2391
235
4076
5780
3044
6599
3168
5878
5474
1808
6303
461
5287
535
3163
6927
2316
6288
6961
5792
1954
1591
4816
5372
2423
1757
3869
3972
6602
940
5040
5014
977
5317
4495
4479
2915
3224
5880
2942
3324
3213
4064
2860
5641
3673
403
3076
3126
2177
4382
5365
5344
5571
1625
2151
2206
6338
1544
301
5027
6192
6180
2888
6645
5418
305
5920
777
270
5691
693
4841
2797
4344
3447
5230
1829
4387
4658
6349
3663
1731
4118
6445
2650
4950
496
5708
3763
3114
837
2850
6370
4842
3929
4218
6033
4745
474
3129
2029
2763
874
117
235
5448
3884
4322
658
53
2666
5694
420
6712
437
5923
3509
2833
3245
3820
3883
4797
352
4411
265
6127
3655
1702
5345
5894
3186
6902
2687
2889
246
5529
3296
4130
5719
5242
1203
6357
829
4844
3461
436
6976
732
5230
6604
487
4508
3830
6654
3429
5983
4035
5377
6714
4413
62
4611
1510
4857
1455
269
995
4428
4989
3579
3859
549
2874
4010
732
416
2079
5719
1938
2584
5847
4861
1218
822
4283
6605
3390
3421
6136
2621
3074
2537
1481
2140
2308
1377
1152
3413
1333
6671
166
2756
4699
5191
5696
5574
6799
2106
6196
1276
2446
2818
2524
3567
806
603
2074
5234
4820
3568
1268
4769
6012
4322
3994
1118
4375
42
4735
3356
5446
1065
4706
1507
3387
101
1509
5873
5497
3715
5816
4277
6202
2314
6046
2182
1010
1457
3602
3591
5190
963
1102
6813
5845
3990
2145
698
1666
6569
6742
2094
5509
6119
4390
4392
2314
3098
318
5787
4756
5794
6757
4992
4046
5532
3451
1948
1215
972
6842
6167
1593
4118
4592
2344
586
4443
3960
6438
2081
5282
5837
6305
3081
3999
6587
1936
6827
2602
2345
5018
3324
919
4365
2864
1454
5620
4901
4495
3669
3917
446
6823
4070
978
996
1427
215
3485
1975
1748
5806
4490
6423
2662
1204
3618
6639
2772
547
10
5998
3456
5428
3154
3862
6584
5567
3046
6002
3883
3750
6120
4595
4100
35
2606
2987
2792
332
6121
4412
282
3621
1328
6473
5015
669
2162
1058
4418
3808
6832
5133
1990
4360
5979
4608
6778
5582
4974
2075
3128
4088
3633
1951
2467
1782
4377
1576
1611
5363
2878
872
4386
5081
872
5023
2266
6830
1765
4751
6832
4608
5513
2511
5141
102
3328
3616
6681
3886
6850
1180
5792
6533
4904
1240
5229
5916
5897
3414
4440
4531
6802
3997
715
1882
4006
5847
5665
6683
5174
230
5356
4129
830
1862
4508
6411
2638
3444
1854
3174
5898
3698
1924
1541
3213
2930
2671
3739
148
1055
3148
2407
3882
5479
44
598
330
2840
396
2890
4526
390
1854
6972
3353
5372
5327
1646
3134
4127
2472
16
6351
184
5743
6692
4336
5594
3883
4577
1062
950
4133
464
2494
6218
4526
1403
1270
3719
2740
1362
5481
366
2550
4627
4125
4530
1694
5417
6820
6598
6402
5695
5800
4332
6724
5995
2887
3207
384
5932
6296
2851
2998
6507
6641
822
3637
2860
1687
160
4264
6448
3076
2071
1389
5373
1309
4807
4163
2695
2741
3593
1529
1954
4088
4036
1106
5023
4143
5168
2434
1148
2712
1247
1739
897
6919
6085
5372
4343
2440
5706
2527
6047
3989
594
608
4616
3090
5721
352
5818
5878
4551
2494
5120
743
5814
2109
1316
6815
5785
2504
601
3793
3530
667
6573
4247
6296
3004
5404
6329
193
4073
1771
2266
159
4177
6786
5429
6348
4169
3147
544
1112
722
4696
1852
1806
537
5885
6709
5033
4084
6621
6507
2019
6830
1968
2663
1707
5470
52
1521
3917
4370
185
2537
1596
557
3280
5598
863
6538
5074
1474
133
4150
1027
1591
4975
3763
1781
1269
6818
5867
2585
6345
6029
191
1902
180
5855
2270
6281
4946
2706
6062
6671
1252
5528
5081
788
6762
531
2238
4192
6022
3321
3105
4506
2497
403
3095
2274
5556
5796
1132
4462
5955
104
3384
188
1950
5570
2306
2368
76
4361
3529
3310
4962
1712
4929
5202
2250
5723
4585
2797
6084
2142
6433
5816
695
648
4928
3579
3883
6667
6555
2333
5975
1447
2337
2423
5552
6550
2227
1366
6700
4184
268
3097
2306
3231
1945
5423
5957
4674
2265
3812
112
3127
1967
1304
1409
4896
2760
3319
5429
5233
1593
5487
2642
254
5759
2232
1406
6176
2686
3604
1880
3262
3941
4641
6600
3950
4330
202
5762
5473
6885
4100
981
739
2600
4636
5341
2514
267
1811
2212
6183
6076
2259
1152
200
2073
2304
6849
5514
4310
2293
4006
392
5771
6154
1409
2367
1571
2044
4404
46
504
1905
1287
3014
2668
2351
410
5125
5854
3573
3873
2830
6936
6015
6409
6797
4314
4754
5037
1429
1155
813
1590
4688
4375
5200
5341
5377
6321
3461
477
3052
3991
1721
6126
5117
5179
280
3321
3177
4914
6459
636
2671
2185
4132
70
4626
6052
6024
3373
4729
6785
5296
6946
3819
135
941
4033
6121
5893
844
3778
2931
5951
3585
6477
969
4009
4018
4047
2008
3679
5224
5075
3313
6337
5406
5207
1713
5563
6907
1782
6018
3174
5247
3663
5808
3823
838
211
3914
6473
120
2092
6900
4625
5236
982
1525
540
4389
952
4353
824
121
1904
6010
6353
3833
3775
6732
5123
1387
1990
3935
5125
5861
143
2806
5800
2896
5794
281
4366
962
3326
1267
5547
5589
1906
2675
1064
2839
5864
4618
5744
2484
6680
6143
1446
4282
5893
1487
1447
2407
2144
3946
701
5379
4719
4915
3856
2175
5081
5168
2767
1432
1564
6396
4988
4690
5607
4876
4633
6735
5843
1884
2205
972
4113
5373
3146
6059
5623
6104
3572
3072
3127
3405
5199
2049
5380
3646
6764
266
4916
1495
6324
714
5955
3764
4648
3868
5785
126
5697
2261
737
865
4138
5339
5915
5635
5608
5251
6004
1397
1415
5875
748
2093
2596
170
1132
3885
5848
586
5705
2443
3265
5088
2517
4449
3656
4824
4563
2106
1140
1884
4936
5013
3674
888
348
4593
2196
3151
3979
3921
1047
3428
4957
4996
2007
638
3408
4705
634
3312
5237
1619
423
6085
738
3668
5920
6683
700
3741
2794
4244
5492
2728
2305
4219
2646
1032
5243
3270
4166
6657
4280
5937
1858
6702
954
716
435
6838
2825
2059
4829
3816
4535
6626
3846
2594
5976
3498
5649
774
844
2631
2324
2066
4391
6288
2189
610
553
6989
5392
1957
3341
867
5817
2290
6591
2396
1999
6031
3898
4897
1392
3345
1889
5853
4089
3208
2038
5252
1131
5382
6870
2378
673
3748
734
1801
1541
3684
3867
2333
4615
4116
6628
5667
1626
6389
1468
668
4693
6657
4719
3082
3667
962
4115
5686
3142
2452
2082
2372
1610
1807
4251
6890
1756
721
5436
2432
3568
2980
2657
1228
6446
3112
5838
5625
3304
1587
5561
3937
3657
3038
3837
2711
2496
4464
5928
4051
6763
3712
180
1652
4511
2399
5482
3625
122
4314
1245
945
95
2702
2645
3756
5081
6357
3724
4599
1525
6829
6752
3740
511
6857
1829
4460
462
5034
2789
3663
1988
1368
4116
4371
6247
5138
2572
4114
2456
1393
4598
5800
1840
1663
4916
3689
3605
1114
3649
440
4151
6237
6208
1379
514
6128
2896
1026
5868
5130
433
3463
4504
3743
3216
4357
2031
1223
2460
1470
4918
6339
6316
3762
1257
6204
3623
3500
874
2018
2899
5509
354
1740
1941
6732
3732
388
1812
2261
5565
2870
5669
206
3841
6375
4653
813
36
3953
1427
4343
4911
710
5724
3012
1648
6176
5371
3524
5960
38
5317
348
3062
4919
3977
2771
1543
928
4487
4542
1612
6377
1964
4959
5256
6841
6523
6398
5421
3706
5346
1894
3565
1096
2225
2698
5018
4184
1470
