5784
3521
546
228
4406
2513
5530
1112
2940
3221
2732
5620
4774
1566
4492
4973
666
4161
5120
4309
4022
848
2606
3597
5859
5930
3307
4031
4013
2285
672
630
2091
2583
3516
1992
3690
4431
2660
879
2410
5641
3574
3946
3283
4575
3066
3946
1277
1756
3920
1648
707
5092
341
1226
668
2706
3438
2953
361
3653
4594
1999
2816
4573
2961
5338
2485
3894
5269
1633
3325
3972
4617
5266
3510
5602
716
1550
4865
1768
3297
3042
3790
1203
4446
5163
4398
795
4752
1936
1933
1795
951
5183
3974
1156
3123
2040
474
2608
5039
1601
5432
2233
5410
310
5008
2324
1256
1934
691
3316
2327
3802
1035
2022
3473
3906
4678
1066
1376
3311
1163
3481
2946
1470
2381
1923
4275
114
4349
3007
566
4022
5311
4894
5236
1890
2613
4302
1755
4496
5926
3318
4374
5920
1911
1538
3314
429
236
1900
860
4801
5540
2249
4428
4252
2818
529
3143
1402
4239
4327
3983
3678
1447
5631
5150
5097
5484
2420
1832
5397
4948
5120
4617
5303
2324
1125
913
3552
3429
5420
4505
2123
2391
5756
2599
1037
2441
3007
3913
3836
5781
1242
5552
4072
1259
4572
1441
2889
5612
4592
5690
2276
1199
2046
1963
2750
3826
4290
1151
333
1797
1305
725
3853
276
930
2041
2586
2044
1463
5881
4066
5244
1189
3357
1569
1541
2199
2975
3526
5925
4861
281
5880
772
3411
3866
4125
5605
1843
3424
4191
680
1513
1289
1488
1681
1041
5106
4635
518
733
4707
3949
5377
734
4776
701
1033
1476
630
1275
460
5203
4830
2572
5938
2436
1406
3265
496
2750
5795
524
2865
2453
876
4334
4404
4486
2151
625
1851
5264
3791
11
5697
1253
5641
4359
1031
5472
2162
4025
3280
2053
5305
532
2369
4727
2389
3600
4937
1058
3245
4342
1424
5510
3382
3409
1268
975
4238
2660
2543
3638
3824
5079
1725
606
5014
4397
3126
4558
5485
3581
862
3128
1000
3962
2330
3501
3036
3774
1911
4292
5051
5447
1002
309
943
2368
1267
1103
3022
5150
4018
1342
479
2233
171
1497
1190
4356
5433
1416
5128
4028
4700
1002
1341
1900
318
734
2900
1902
2859
1334
1702
271
5075
5591
4839
1804
1512
2704
2151
3093
2702
5609
3799
4861
150
4439
83
767
4469
2382
5326
3979
1837
508
5094
517
3601
3951
770
72
5007
3501
5014
372
805
2026
366
2573
1004
1071
1461
3888
646
780
146
4564
2343
4337
4703
2838
1183
4984
2306
2822
3788
3959
2696
5497
2192
5305
5347
3558
3922
1504
4193
2514
2399
5069
786
3244
5909
1960
2400
1864
3553
5029
5818
3538
1078
2543
1794
2503
1577
2846
2131
4660
5035
2855
473
2833
2119
1108
942
3212
3112
1234
3831
2739
2920
5805
3417
3301
929
4905
1065
4566
4679
4846
2638
2428
1273
749
1776
1026
232
5241
5079
4085
5855
3730
1758
2464
903
1008
3582
1722
1539
955
3363
3938
174
5432
2722
707
4049
5813
54
5330
2708
1672
3582
3313
3374
5586
4387
3066
2431
5021
5260
1166
5113
1471
4104
4437
2006
560
1803
696
225
5160
2499
2530
1078
131
1398
503
4127
1136
4861
2068
3995
1533
3891
3088
2833
585
3162
4971
5931
1833
802
2720
3217
504
2738
292
2507
268
416
1239
3271
1688
1453
274
5667
2734
1907
1756
4874
4448
2794
560
1910
2221
5916
2480
5122
409
3058
5921
3582
2049
5637
2760
1559
2442
989
4495
1852
118
39
990
3519
2185
5005
5393
5504
2466
5330
5333
4936
1120
2363
939
3329
3289
4726
4286
4613
3980
3271
3959
4379
2154
1331
4429
3572
3760
2030
2181
2421
4313
1143
3852
4118
1642
675
400
4330
5975
5722
2500
3014
4914
3208
1152
2040
5028
2533
4851
3639
3371
1204
2823
2327
2641
2884
4561
1608
5024
5962
4491
1303
2174
3725
1825
803
2617
1550
5621
2251
4467
5554
5785
3482
5620
3391
3791
444
5496
660
3781
4346
5702
247
411
4605
3974
4848
251
1756
1102
5434
3575
3695
5323
444
1774
2151
4612
2407
5072
4416
3724
4082
4337
1027
4279
4186
3435
3253
5422
2945
4012
3874
5571
2488
5575
1581
2157
3037
3832
1500
2657
3256
4905
2479
5150
4681
4102
5959
158
1001
600
1874
3900
3070
5950
1870
2971
5523
5588
5761
2421
3144
383
587
2729
2553
2363
1096
5207
1273
3395
103
1810
4617
1753
1996
5553
1485
5900
1851
3706
765
3067
4118
2356
3067
4608
682
1725
2287
4079
5120
5109
2144
325
616
5939
1362
3456
5419
1323
3213
1669
4501
4680
860
1080
722
2615
1198
4450
1159
4855
2122
544
119
598
2025
1035
1356
2059
2469
5561
4226
3464
4571
2439
2998
4411
2322
4133
3715
4641
2503
2477
3426
4455
640
3422
2656
1924
5081
5894
2516
3377
3994
2335
259
3507
3168
3988
5627
137
1632
18
5888
5393
3779
5221
1546
4799
1470
147
5520
5010
3150
2942
3857
5848
3244
1251
68
1945
2360
5381
2687
4276
4253
2274
273
2734
4844
1250
1528
837
1645
2277
5198
407
430
4571
2382
2081
2035
5196
3062
1909
512
4262
1198
3823
128
3461
3985
1569
5310
3926
931
1399
4922
2066
2840
4028
1443
2780
5460
5372
5635
489
280
3718
3394
1516
628
699
1657
2258
4981
1953
5527
427
2721
5679
1196
1045
3180
5316
1866
858
3605
99
610
5724
5919
2035
168
741
2215
4270
4879
5134
5616
4390
4634
1759
3345
2718
1112
1984
634
552
3602
2626
754
271
4867
3730
4218
2093
5326
399
4241
5643
3600
1895
3907
2337
5791
1907
1899
753
219
4456
5686
1433
4519
1732
5037
3128
476
4688
2488
4796
4246
257
4338
685
3370
1625
5305
3763
5656
4041
4250
1134
334
2424
2480
2759
4788
203
429
4708
2359
5835
123
4304
4383
3380
3147
1178
4280
4603
3682
401
5930
2147
447
5639
3019
2088
2333
4784
2765
985
5779
3436
389
2129
209
1789
1055
5353
1637
736
5209
2438
3220
556
4599
2881
4326
2411
1609
3180
81
4375
2877
1973
4536
5382
4444
53
481
3688
4999
139
5858
1119
3792
301
5196
3118
2624
4856
2977
1606
1309
3938
5606
683
3617
278
3102
4925
5476
4789
5337
4964
3141
5529
4378
3570
3654
78
1656
4114
3507
5185
5368
4125
1033
2249
4675
1314
500
5198
5878
1641
285
274
2464
5919
2454
4065
5511
5395
5710
2267
4455
5813
2433
5421
4897
4373
2855
808
4578
264
2261
5564
4575
5030
5207
261
543
1072
1823
1472
5541
5537
4601
3706
1492
310
515
4607
908
4651
1363
3921
4027
4489
3200
3267
3588
5496
2401
3772
3908
2741
784
3591
5845
4627
1103
592
2316
1453
1001
4705
5722
3451
465
1072
2452
866
5140
4432
1098
1022
3923
5504
699
3954
3230
3972
1024
1081
3478
4268
879
2142
5452
1751
1133
4047
3421
3527
2771
5847
4367
1081
5127
170
994
4077
4491
1036
1858
3698
979
148
3462
4302
4778
4279
5478
1162
5100
2268
5195
1950
2738
2205
4465
276
603
4467
4967
5650
4176
4538
2856
4580
4656
3773
3405
1020
3416
2167
3138
3105
420
3059
2323
919
948
3528
723
3150
3400
481
3039
2515
1181
2313
537
5843
4588
5587
157
183
1263
3560
5912
926
5103
2499
5644
4624
4343
4853
5759
5601
1164
3832
5309
1707
5887
2594
1923
3919
4393
5205
2611
4765
3876
2347
2187
2223
3710
5967
5885
2343
3408
4098
3780
2205
3534
1798
1950
5591
2990
4493
4753
1110
5480
4622
292
5581
1153
376
256
557
4066
1378
5587
5212
3110
458
4137
1568
3214
1718
145
5234
1051
3153
2275
2260
638
5930
89
2712
3537
5635
4689
550
413
405
4538
1047
773
2854
3627
97
5796
1678
3375
4044
530
3276
2767
2047
3215
5594
1321
935
1705
287
2770
2457
1002
908
4466
5476
2247
3622
1886
1607
3299
5312
2991
1912
4868
1546
604
670
767
2504
4618
4642
4836
1962
480
3608
825
4589
4457
5332
5246
5271
3142
4706
2624
5004
3154
273
987
1110
5162
5567
3295
4765
2990
2325
1753
3914
1363
5727
5474
3160
358
5845
2737
4592
2002
3948
1986
1566
4255
3779
2933
1969
2599
4526
463
471
3445
1870
2461
4428
1264
4397
5667
935
2509
3855
1684
1765
1889
536
5523
5607
371
4004
2325
1018
4043
639
2620
4014
1190
5814
4449
4120
5305
2878
338
2455
2113
1747
1944
1029
1949
4149
2225
5502
5286
1128
3794
1698
4826
5909
4964
4798
5205
429
163
1065
3672
4620
1749
2179
3856
1414
1347
5999
3876
1753
1510
121
4943
3145
5848
201
5702
1752
4876
689
599
4803
3161
2608
3185
615
3535
5555
4457
1543
5973
4727
5543
3653
1056
1519
3495
1635
4776
3843
5845
4418
3620
2987
829
4631
3281
152
2975
1039
1934
5299
232
3377
1750
5064
239
2297
971
5438
4959
3366
4205
4521
4731
3332
647
3639
4956
5631
5885
1679
1560
3445
1999
1227
1223
4112
1336
3134
1790
1772
636
2286
3612
5332
641
5297
4149
5976
3291
513
3918
2147
3462
1439
1053
966
1214
2868
105
4197
5812
881
2827
5990
3147
4851
4654
2341
1083
470
291
3945
1335
5673
671
1484
652
3333
913
3428
1962
3303
4298
3245
3499
2631
4873
231
2390
1957
2771
1247
3806
4521
2502
3991
1883
4355
2039
4560
5303
1755
5047
2576
3285
1949
2752
1475
4460
224
2534
5636
1781
2639
5588
406
4525
3902
3990
2582
1172
4933
1282
5384
5051
4856
4683
4893
1460
5015
218
673
5527
688
875
1046
2691
639
34
3799
4720
4194
2781
145
2774
3593
3884
2374
705
830
5952
4939
3105
2024
1675
5744
2875
2994
5841
5772
5019
3222
3217
5888
2878
94
1219
2455
3244
4769
2143
5894
5108
1501
5910
440
3292
1816
4663
3941
193
5958
3935
4818
3571
2874
1035
5081
3841
3531
1976
2954
798
4858
5633
5909
2292
1875
3531
5025
3190
930
3959
5340
4517
4902
2134
5353
3360
388
4881
4922
1928
568
1521
2083
4764
2349
4242
5490
192
2365
3707
3488
2248
5249
5173
3380
2105
4692
1245
5530
690
705
889
435
2967
4225
2955
868
196
4412
4753
1476
1316
2717
1605
5645
607
2324
2603
593
1922
1625
5115
3346
5558
4215
5059
3025
2443
1713
5425
313
5159
4727
1776
3652
736
5209
1711
2395
140
2952
3308
3541
1004
1332
2391
2469
2697
591
2461
1984
2235
2834
2291
178
1794
4455
2492
494
1411
3832
3241
96
2110
465
1855
2887
3190
5872
3662
4989
4534
201
4418
2982
1115
2034
3734
2547
506
778
1512
1976
259
4688
5127
1411
627
4908
4726
5243
1246
341
1045
4076
4629
2220
5536
3261
2914
5502
2499
3846
1298
4349
2081
2334
1297
48
4972
1276
4005
1403
2294
1723
3827
3289
954
1146
5358
2411
2714
5622
4698
813
2407
4136
5128
4845
3329
313
1203
3500
1045
3894
562
3065
2896
3189
5888
1113
94
1446
4863
5357
886
1329
1282
4931
5370
3217
2389
281
4496
5756
1566
2538
68
3600
4042
4123
5092
167
244
5332
3277
5010
5850
19
1785
1235
487
5549
3946
5383
3033
5117
1791
5748
5480
2886
2064
269
5966
1333
1909
2437
4592
115
5256
278
5711
2432
4110
5523
1697
5102
4727
579
540
4279
5435
4125
3081
1618
3575
1643
3670
1378
1003
3761
1479
1783
5721
5320
3933
5253
4504
1334
3267
5009
3744
1934
1175
144
1441
1165
1132
5740
3916
2769
2350
1802
5365
2011
5223
3229
5621
4650
3018
616
2352
968
5530
5765
810
296
3341
1659
1753
273
126
767
2266
2989
2404
4630
4930
5257
935
1572
2656
5115
3701
3753
1411
332
4364
4168
134
3252
1141
1487
4938
3029
4371
1193
1144
1742
4477
807
1239
4282
4541
1553
3336
1129
5427
5151
5177
4348
2964
2258
213
4765
3136
1280
3129
3855
5476
5083
3015
5762
4220
732
4471
5209
4722
5553
5980
3500
4676
2821
2744
1818
914
105
4868
2830
2453
1100
4946
5399
395
1518
2675
5548
740
3132
2946
2509
1653
3862
5605
1537
1821
2021
3022
1094
5281
275
4125
2157
3092
2793
4988
250
515
5948
5106
4344
3147
3839
554
3507
1393
1323
117
272
4434
884
3434
3997
1515
4561
4149
851
4124
403
1678
4553
3146
4333
2079
5660
978
2896
4313
2844
225
5758
5879
3539
3275
2214
2307
2154
777
1306
1854
1757
2735
3545
3973
4511
5722
3386
2087
3551
1288
5401
5282
3068
591
3070
98
2948
3230
4713
5300
1535
614
3100
2778
5464
2140
5703
870
4076
2372
2364
1560
5386
95
4920
2698
4644
4965
1512
5034
2569
94
2636
3435
2193
4258
2561
4651
2604
5901
4860
5753
4741
5174
2953
24
815
2041
1947
3316
447
1493
2509
5500
5596
70
3695
5335
3810
2081
1188
3091
4219
1206
3504
2590
4767
3198
4386
1536
182
1931
5462
345
5400
1285
349
1215
5916
701
4469
215
1270
941
5727
3294
1268
585
368
3869
2883
1913
1368
3864
2266
993
5859
1056
3590
2336
3718
4371
5915
4301
5046
5801
3585
3000
1493
5422
4011
112
4585
286
2054
4788
4776
4188
5544
3424
1135
1575
773
1011
465
3662
4467
1924
4568
1661
1472
4704
870
5413
5147
33
4390
1639
1200
5745
466
3012
846
5117
5110
716
3096
3032
4150
889
3598
4572
628
2133
5085
4387
1565
2135
1349
5953
2757
3556
3748
3023
2809
3445
3605
496
5309
3215
5027
5941
747
3628
5957
5543
69
1877
5279
2710
3070
4967
4886
160
1820
1516
3926
4141
1230
339
5961
4602
2613
2830
5486
2188
1088
1389
5072
3503
2356
1096
1805
2229
1984
2765
395
4408
2367
3457
1844
3695
369
1627
5552
1484
898
4081
5394
3757
5691
1543
1763
1817
5144
1906
4254
786
1630
3100
2298
5936
2101
771
5244
4932
3036
316
774
601
3878
3897
3150
5308
4252
1680
3143
5440
1234
3592
2640
5435
2071
2052
3296
5081
1388
3395
1249
68
4532
5343
2342
3084
1087
1006
2310
4469
5100
1359
3236
5636
48
4299
4639
1042
3492
1048
5489
440
225
3131
2803
4072
3704
63
1232
2266
5322
4302
2773
4661
5069
1564
3170
1137
4936
2166
5138
1516
2553
5073
2730
1116
1421
1606
4058
4299
5548
4150
1053
1269
5954
3678
1034
291
2826
2735
3387
2047
4850
4355
4850
2256
2782
269
3447
917
2691
5590
769
4871
1716
3586
3519
1398
5081
5819
1445
1692
5051
189
105
2942
850
2578
866
4233
5447
2190
537
2580
3767
962
5341
2435
4617
2804
5752
2728
595
1821
1045
5697
4760
4338
2389
2020
1692
1357
2938
2357
737
724
2269
973
5908
5243
4505
1940
3055
515
2237
4355
1074
1526
5312
2678
4416
4718
5853
2544
3451
5254
1911
2951
4480
3275
4629
3031
4739
4172
4105
4000
3479
5657
3644
5294
4012
5920
463
3717
4319
2228
463
2625
2641
4514
4506
5129
152
380
2701
1551
1303
1709
3541
1275
5750
1931
4638
46
3558
2187
4320
5611
4817
2932
3997
567
1941
1785
3778
5826
728
1021
301
4961
2639
489
439
2873
4639
2219
5744
4997
5587
2883
3910
3936
2872
1934
2352
5704
1431
2707
1563
866
232
1905
2705
2762
2804
213
4909
2839
2968
5620
1192
1887
3813
5125
4021
4985
941
3308
5925
4387
3149
5274
4017
4678
2206
4593
2443
4733
5228
901
3394
4196
5137
2518
5477
3850
5152
2907
609
4488
3879
2669
3094
3611
2948
5890
1911
1930
3137
978
1229
1375
315
1979
2296
4568
525
1025
1442
906
5025
504
5695
5456
1152
3576
3837
220
3868
5484
2156
5891
601
2703
1917
3101
5171
2052
4863
1144
1089
2617
256
3216
4887
427
893
5380
1814
5290
5216
472
4626
318
4065
2860
1236
3159
2815
3842
3384
1076
304
3720
5128
4954
880
2371
843
3111
3959
1104
4483
4639
3984
2937
4922
4049
3493
4634
1304
98
1830
4231
5176
5957
3449
2612
4841
3395
5217
98
4597
1283
2098
4487
1738
503
4370
1836
4135
3190
5194
5821
1772
1941
2593
3675
2982
1137
5540
5260
891
2244
2237
2408
801
195
4673
3533
4649
4279
634
4491
3212
3148
5524
1621
1243
2499
2221
105
5468
3906
212
1411
90
3694
1107
5643
1172
589
1248
4285
4753
5300
5701
5147
91
541
163
4390
1591
1942
2964
3341
2124
202
5919
1158
3400
4505
4189
701
4370
2310
3825
4215
2634
3495
5646
5169
2042
5872
1207
3506
3988
819
64
3993
4446
675
4507
5906
4336
3464
5186
4896
2700
3523
4012
980
5092
2996
2748
3484
2006
4324
3891
4794
1071
1623
1699
812
3786
919
1983
2492
1463
844
2216
1640
1144
4915
1458
103
2760
2191
90
4951
5537
860
2783
719
1592
5180
1858
3050
38
2730
2247
234
4539
198
2922
3446
5659
1703
1579
1544
1796
4134
4168
3040
262
1570
3296
2726
5174
1366
5720
1718
3802
5595
4807
2958
5532
2101
3019
4359
3128
2343
3280
1860
2152
370
796
151
4870
5122
5584
144
5827
4193
5537
5243
2070
4341
1923
2546
526
5446
2096
4758
684
4610
248
879
2558
3517
261
4873
1021
4620
3900
5960
2235
5688
171
3992
316
1760
423
2101
263
972
4470
1051
3814
5726
2933
3909
1515
4227
1467
4015
1338
4048
5272
2577
5948
3802
4482
3511
1686
1313
3153
2366
291
5587
968
5390
195
2351
4904
3201
5904
1508
2888
821
2839
3606
483
2338
932
4369
5309
3383
738
862
3036
2440
2967
397
1504
252
4258
1412
4620
493
1002
2709
5095
1914
4949
1177
4439
3266
4714
3757
4747
4789
2061
614
68
4542
5693
1010
2702
4521
4323
1558
2603
4029
4833
3988
4819
1842
2033
5376
4129
1451
198
2730
4331
4654
3133
3226
802
3594
5570
485
3924
4814
3904
4697
3819
436
3594
5372
2544
5044
254
1300
5232
28
2527
140
995
1903
2115
3862
4659
944
1467
5164
3601
1225
4064
113
1169
4929
216
1560
3903
4596
3595
2076
3265
3754
301
5959
5002
3351
3216
5560
2038
3785
1663
1357
273
5222
542
3387
2894
5357
5305
539
2892
3883
3927
5068
2598
2189
3059
5649
1862
2349
5742
1779
1339
1420
4461
103
602
166
717
3276
4500
2193
5727
5327
1353
5044
1571
5606
2742
1570
1466
2274
1549
5702
312
3639
284
2421
5182
3858
5358
1663
282
251
1321
3067
4375
4652
1799
2643
742
4528
3126
337
5141
1060
54
4890
80
2534
5652
2987
893
2762
771
2104
521
3628
667
3074
3346
1312
4003
243
2402
5475
2735
3912
2866
2385
412
5210
4697
5989
1691
1748
5619
4711
2264
1421
1729
2275
444
2042
696
631
3736
3188
4340
4622
662
988
5021
642
2641
1078
3762
3078
1444
1744
753
4589
2706
5078
4714
2335
4139
4821
1617
3659
5653
2562
966
2049
1666
4872
2000
4158
3476
5021
4791
2754
4098
1173
5546
3579
5999
391
3753
780
3092
4460
646
81
5905
5901
3419
1104
1782
626
207
5716
5484
4008
2778
153
4190
5958
4996
2389
3043
1389
467
5959
3258
4373
1615
5759
3893
4749
4337
5163
2457
2170
2087
3943
2381
2069
671
2968
2336
2016
3648
257
630
723
2277
2895
1532
4364
5392
1677
1012
3880
2328
2470
2918
2989
3810
4211
3608
1582
1129
1454
4671
1167
5271
1991
2216
5491
3973
4283
3086
600
1070
3842
3049
1936
4332
4928
4902
154
2178
2258
3961
4420
2753
4653
2077
4322
2189
5252
796
106
4444
3172
3444
5671
1942
5803
5718
324
4904
2875
3233
4860
1152
2243
2306
5645
65
3559
1523
1565
4241
1373
2622
2342
1518
1402
3501
2819
1562
509
1020
2544
2337
1694
4333
2031
3132
2749
3693
217
1371
5095
1526
2615
907
1589
614
4023
2021
1165
3394
1035
2720
4311
4107
5236
3929
5121
50
537
3242
5529
4151
2981
4683
4101
3837
4588
147
3528
2165
3000
2262
470
3527
225
5381
2094
1473
2327
3516
2791
2611
680
5427
4785
2813
1262
4314
5134
743
1482
3014
1264
4559
3733
5418
1099
386
2253
1726
731
1636
2536
2052
3343
602
2207
1339
1668
1369
29
1035
2639
2415
464
1025
4207
4604
4577
4411
1929
1793
2405
3624
1783
328
80
5995
1185
5900
4351
2915
5770
861
1535
738
4324
1473
3805
4938
1673
2160
4420
686
3330
1003
1412
3096
858
1457
4246
34
2075
1280
1065
2710
27
104
2278
5982
449
5722
2572
5953
1509
2461
2766
1869
2538
5832
5131
415
3373
191
300
2909
3983
5908
4547
4141
2310
980
4091
786
5122
5421
4504
2165
1942
2833
3811
4808
5408
2735
2084
3347
5678
4378
2904
2275
4929
5424
4626
277
3541
3023
1869
1582
5516
1511
150
1761
532
3752
1746
2533
4150
3555
5992
5768
1093
305
4738
4069
3211
4238
3534
2358
691
1782
1674
1044
4115
4949
2665
5102
2148
1310
3745
4146
643
3746
4485
5224
2538
3799
5578
5693
5375
2698
4094
3627
2037
4964
3865
3151
5041
5237
1571
3241
5005
4711
5700
3363
2705
5466
2139
5286
3670
2334
5907
1787
2425
1953
1648
3917
2613
399
4455
5192
4744
4445
4342
573
4905
3371
4067
2202
32
3238
2013
5884
311
2735
111
5748
4364
2543
5150
3639
1992
3732
4973
3116
2315
1696
4460
980
1157
3678
2117
3527
257
3109
5607
5143
4308
5271
705
1876
5393
1091
2543
1541
2422
4236
5157
382
556
4272
1907
955
4419
1279
3100
4249
1616
5424
22
4716
2981
3652
2018
2230
2322
5252
3225
1845
2317
5420
3127
2806
1707
1995
4670
2528
2994
923
1107
2640
540
5708
3635
4189
2992
275
184
2744
3889
2874
5127
160
2345
2404
5460
3807
4883
5378
5233
4456
1968
27
3037
5990
2907
3769
3590
3943
850
2089
3680
456
3173
1450
2559
5344
4657
2194
5823
4725
5354
5994
1208
4146
1671
187
2271
5707
3380
813
2426
4738
3874
4119
5624
4472
2362
5489
2704
374
1865
5315
2481
4504
5088
1627
5627
3256
1987
4458
5853
2863
85
2261
250
2213
3647
4851
2810
5439
3694
2732
5509
3168
39
4249
1921
4822
2767
5764
3389
1739
5481
2089
3481
3899
3715
1783
5515
2189
4259
63
5496
3941
1219
5359
2593
1656
4272
4328
3033
347
5797
679
2596
637
5780
2841
316
4090
1624
671
656
1557
5351
2816
2122
1830
445
1060
1294
2810
1837
2100
3963
5715
4462
904
4906
5876
2481
5343
666
1110
953
2191
4197
956
4509
1256
2129
125
3342
219
5075
2956
4092
4271
1523
5773
945
4752
2627
5667
4178
58
973
3501
3633
1326
2485
4755
3052
5320
3631
4257
205
66
3427
4212
1537
2174
663
2598
3244
3272
4880
2353
3719
393
1533
4836
1463
1530
3487
4795
5130
171
2143
4030
5840
3180
3583
394
3287
3132
809
1744
829
1418
2144
4668
4955
3698
4329
3656
5290
1496
1336
434
3259
4338
3666
307
93
1390
5581
4013
3147
3988
4741
1191
2065
1462
2199
542
5064
1473
2634
212
3401
2559
1919
4162
2162
4298
3153
89
3633
1775
4453
5119
5670
2245
2764
2062
2939
140
4594
1201
1536
1874
3271
2364
3503
2079
5988
4847
3044
5766
2267
4084
3894
4992
3212
732
708
107
1063
1195
5915
2982
1809
5012
4398
4426
4113
3062
1935
1212
817
4632
4014
67
2307
5286
533
4508
434
644
357
1992
2203
1171
4153
4659
5497
730
5642
2379
4577
1920
2813
5245
1765
5109
2593
907
2880
2477
3619
279
2244
2868
5206
574
1469
3342
2941
4574
3599
3957
3836
2159
374
3659
3208
1955
3455
4913
4142
4195
885
3414
2123
3353
1534
5188
4788
3543
3959
945
562
2914
1893
2676
1880
5071
3831
5014
3491
425
3779
3716
1697
503
2594
4779
4773
3628
98
2317
1575
1237
956
3514
2841
2298
891
1624
282
2284
5757
3198
5663
1140
2100
2254
2419
2284
632
1980
5485
150
5161
4800
3512
1734
22
885
874
5031
5136
434
1367
5832
4960
5497
4554
1133
3550
4750
3227
1647
5363
1324
1469
3612
646
3103
106
368
389
747
1461
5729
4925
461
3575
3949
4354
1972
3952
2729
1691
3956
2536
5392
5532
4294
3173
1460
2878
3507
1556
2275
4464
2875
5589
4544
4125
5086
2070
4996
1876
2113
4866
4026
956
3647
3985
4654
1782
5859
5680
1206
4688
3674
5133
1633
1900
1959
513
1812
2448
2723
5216
1323
5181
3905
5071
4283
1486
2046
3428
1736
1453
5652
5669
3575
600
4611
4460
2075
2449
5448
2502
2084
463
5995
364
4737
4593
4050
180
5875
5368
4403
5201
1521
334
3107
1370
2950
3210
5151
2332
2709
4392
1329
5343
2125
1569
5711
4952
1197
4741
2546
2332
2432
5214
4801
1232
5331
3178
77
5074
1230
5519
1628
1195
1006
2184
3290
3370
928
4525
1115
3020
2925
2319
478
4758
5021
3781
4443
4587
1514
4326
2589
5041
4191
5150
5047
2592
628
5461
5943
1175
94
2306
5734
2796
5616
5420
2898
2933
3062
5831
2645
5115
5869
5965
4767
1582
260
1834
5363
116
4793
3878
1618
5242
2217
3794
4831
4436
5537
3082
5410
3725
770
3990
5083
4380
5835
4104
2262
797
5640
1737
1467
3063
1751
5781
3083
5634
567
5494
963
3606
4652
3671
1931
2931
4258
3871
1873
70
4184
45
2313
1253
5909
3905
4387
1603
3811
2965
2521
2047
2950
4685
2292
3002
4452
2674
4939
2072
2435
4690
474
5007
3283
2635
1732
4349
5284
5597
4473
4125
158
4245
2924
2859
1082
459
223
5949
3751
5473
1207
455
3010
4199
2208
1016
3728
4050
4809
428
1028
5605
819
1733
2879
4459
1549
5377
5374
4765
3978
704
304
3201
5817
1881
5449
1627
4189
1150
1374
656
5253
3148
256
3709
2064
2417
1037
491
4406
4744
5113
5912
1744
1720
126
1825
4550
4638
4696
5930
2055
4979
4030
1426
3991
1163
2992
2493
134
1165
2719
3822
29
3142
4540
3409
1193
5572
70
5532
85
4530
1287
3347
2167
3014
693
240
3674
3564
3690
2104
2262
284
5227
3533
2853
1849
2827
1933
905
5010
2134
5502
3813
3401
4425
4898
1150
4580
1774
713
1710
1016
2693
5006
958
5951
2215
5588
2274
3427
5222
678
2233
191
1622
1893
2336
3481
3850
2400
2405
2094
4994
1554
5441
610
2584
3201
4866
4203
2448
532
2154
3439
393
4316
67
4829
4896
1884
5137
391
4290
2729
914
2683
847
5430
760
1145
1230
1735
5804
4827
247
4512
2732
1988
2893
5370
1667
2557
4794
5824
2630
4938
1035
3207
2980
5244
2703
4269
3516
306
4862
5439
2452
2111
1356
5331
3438
2034
5040
3830
4213
2446
556
4356
3609
5331
11
5378
5183
1192
4967
397
4248
5916
3172
575
3860
985
1685
4437
5002
4409
3679
4030
1382
747
2707
2465
3144
3185
448
4266
3133
3051
3183
1391
1909
3312
3578
3982
4906
2379
3224
1447
2393
4853
1084
1608
2417
5585
1241
2825
3108
4188
263
2631
2426
4803
2363
3809
5207
1615
2579
3106
5665
2196
1118
1111
5277
124
3997
722
4990
4054
3628
4986
5934
265
4464
4194
3192
172
1495
1030
2612
4612
1353
439
4103
4707
4278
2756
4448
3690
4358
3858
4249
3785
4654
4102
3757
1000
2020
2997
5643
3881
3372
3990
956
2302
1611
3742
3603
3931
1982
5619
2137
3225
1850
5522
2854
4695
4210
372
1061
2299
2284
5561
3529
695
472
1155
302
4577
4521
918
5085
2081
4644
3579
2428
4837
5018
5700
2053
5522
5639
2540
5324
5789
1000
627
3320
1545
845
2542
698
4558
2423
5067
4854
1255
1724
18
717
2395
1657
3868
1368
259
2990
2488
4802
1542
5202
3181
5903
5838
4170
2093
4671
1687
1553
2288
1537
718
160
4391
4868
3513
62
5797
5502
3806
12
1550
4285
5661
2773
2092
4280
5596
4970
3862
241
5471
3226
5501
3336
3779
1592
3022
5941
720
3830
2709
2150
4324
3341
759
2336
4821
5613
2763
2642
270
4466
2675
3306
2086
5444
5523
3334
2570
1784
4645
1183
4866
825
5141
3415
3068
5017
589
612
3994
1126
2059
3492
1454
259
2860
5053
3005
4352
5784
1588
4912
1998
5126
2218
1683
5060
2333
447
4622
850
5002
5956
4113
1607
1254
5182
4708
3897
22
5475
5311
3224
2667
2663
875
2453
2153
5289
3810
1798
1179
3855
561
229
902
5593
3876
5850
1595
1912
3601
5646
5968
3419
1257
5491
4956
4629
1444
5345
2071
723
2441
4271
4794
2471
1587
1021
3934
2429
4984
1529
1233
517
337
2581
3724
4700
4969
2285
5488
4194
1345
2740
4270
1355
2037
783
4158
2449
1523
347
3506
3600
5528
915
1765
2970
3539
188
3512
846
3737
4703
860
1568
1609
1368
5208
2210
1181
5330
4450
4798
4202
1199
3291
4587
3113
3521
3616
3961
1288
4393
2573
5520
3591
1531
5746
2993
2547
5355
5205
1416
44
2831
3849
4897
187
803
2575
5873
5790
3905
4407
5237
5908
4169
2948
5715
1477
4889
3927
2176
1978
472
1063
5946
4182
3217
5249
486
3043
5737
4491
5167
2158
3503
1115
1336
984
1178
4734
4866
3369
4545
1046
4806
2117
5142
2912
2596
2146
1527
3243
537
1090
3463
181
1956
2355
4264
443
2476
5837
3753
4106
1502
2427
888
3962
3505
2211
673
3037
760
201
1130
970
3702
5304
150
2092
2992
4670
3947
5367
5718
2832
3659
4623
5423
2529
3747
3240
5111
2220
1377
2607
1936
452
5786
1244
1733
2270
4247
9
365
599
4785
4589
2781
1603
2878
2555
1544
1655
226
5998
2545
5673
5677
3822
1997
1760
3847
3395
374
1143
1252
4266
4733
3866
4999
824
1474
789
2722
1390
5196
1511
1272
1390
3733
5858
4481
2818
3752
2856
1498
2864
3728
3715
4135
2881
4685
217
3826
5193
255
224
5743
149
3547
685
1035
4659
1004
4694
3617
4448
5600
1331
3412
34
4574
4765
5290
2299
5070
5632
2228
1487
2763
850
4147
3041
2310
5659
231
5208
4539
2
85
4482
1491
4060
1807
2663
4210
1326
2592
2377
2514
2946
2135
1135
5477
4657
1471
5625
1039
2578
4743
4503
2016
1681
1239
2060
5085
796
4062
877
1653
214
4173
4769
1911
308
3478
853
1680
1295
2870
2984
5506
5413
2984
5696
284
312
3001
5869
182
4248
683
4346
3638
469
835
23
2946
1019
5251
3778
4530
4417
4357
3786
5131
2079
3505
5557
4132
5227
1505
4222
2758
5476
1503
2712
5810
5583
2319
1163
2393
2992
4241
1879
4220
5725
2404
2346
1119
3975
567
1399
2832
515
4654
1028
3748
562
2526
340
1749
1900
1674
5642
5964
1558
5113
5427
749
2761
5323
4758
1373
4785
1405
2864
3770
2190
2345
4924
3783
3950
1473
5398
3806
4168
3746
519
4998
4379
3510
4204
4585
5615
4292
1042
3037
771
413
5299
4408
4465
1298
2634
2091
672
1222
1631
4428
376
180
5424
1145
2885
2376
3643
4882
5529
2778
4017
3785
3046
1808
684
1920
4978
608
2904
3385
3910
3438
3071
153
2246
5890
5690
1268
1070
4859
5686
2360
1514
1453
4284
5281
332
3315
1937
3093
1038
2516
1388
2466
5317
4136
901
5898
1298
1504
4028
4736
616
2253
2506
1027
4054
2550
4624
3880
1118
2289
4853
323
5734
5215
516
406
4231
598
608
4525
3958
3632
2424
576
5920
3606
3785
3381
4900
5830
2084
1350
190
5633
132
5298
3886
1066
3319
2119
5125
3837
5107
3327
2780
544
4479
4861
1111
4519
1414
365
5675
919
3218
5473
1219
4332
4254
2476
4588
3164
5349
711
1501
586
5616
233
3178
271
5942
313
5132
2238
4875
1603
485
1334
2917
227
1049
3420
4613
4488
1127
3617
5330
1070
4967
5644
3916
1093
3741
426
2836
5028
1611
3219
2283
5319
1639
2632
611
3986
4208
3518
3386
4789
3575
4482
5555
845
5606
5530
4462
5342
428
2865
5426
5579
2866
3849
2236
5712
1876
4792
615
2741
5920
775
1085
5330
3870
5454
2679
3553
717
3682
1388
2824
52
3435
2106
4598
2211
5410
5362
3795
2633
1715
3037
2181
3811
3974
72
4962
3377
3608
1551
5544
5476
1932
4636
3584
1204
3149
5853
3548
2651
2110
5556
398
1321
139
1386
5042
1436
4486
2022
5436
2383
4066
1216
209
3237
4825
4755
1267
946
1839
4393
134
78
5485
3448
1558
4997
5224
4277
5343
4458
3684
1546
2603
5579
5705
402
1170
5721
5321
1912
4241
4397
1539
1992
3403
2828
4560
5317
3149
3280
2251
770
556
2658
181
1150
249
3804
3678
5324
1346
4829
5090
1959
5158
3648
1092
4965
4
1820
3484
5679
4435
205
4079
5758
5613
400
4406
5477
564
549
5272
1148
2635
3431
3024
5476
1923
2748
1561
3283
1069
5779
1741
584
5239
3073
2132
4189
5324
3764
2337
3172
218
125
893
81
4404
5047
260
4310
2940
2118
4160
2178
3889
2140
5801
1785
3964
3646
4167
5153
2145
2760
1997
2349
1492
754
5665
1488
1517
160
1607
307
3345
4895
2428
2533
2462
1170
3149
941
2087
1446
4554
4678
1097
1537
3593
1191
73
2140
2992
3200
4128
2034
5887
1944
4993
5006
1776
2012
2411
1348
2041
1291
186
1740
1636
852
4202
5262
1156
5091
4537
4169
478
3123
2537
3514
1201
2110
1963
4290
3572
2781
3293
4947
412
3321
541
5756
1092
2568
1589
1447
4111
4852
3780
2727
5399
2771
5310
1976
1360
166
4400
129
3723
2740
3732
2960
2524
3070
3961
5626
50
846
3368
1542
3899
2437
940
3720
4856
332
2021
3164
3031
3986
728
615
2970
2154
2432
1566
4550
680
4214
1116
3727
5392
24
4846
1384
4030
1971
5915
4542
209
5673
2743
917
299
722
140
3217
1218
4962
328
3662
3357
5413
2637
1539
1655
5197
4488
1836
4750
5790
1257
4795
4479
5174
2037
854
570
3955
3674
4101
501
5384
172
5193
3062
1153
4195
2960
1268
3480
2609
4736
3291
5428
2945
372
1112
1306
2599
3055
4624
5080
4370
4281
1713
5628
5631
5715
2038
542
5680
4859
687
128
944
715
4113
1703
208
4169
4837
2828
5564
4345
2783
1027
3326
1216
3668
5091
3075
3411
3189
796
5284
2498
796
4782
3225
609
4025
4871
840
2682
2402
1392
69
4502
4825
1255
5557
281
1744
4135
4315
3834
4673
1911
3258
1429
5600
4533
3446
4545
3946
2006
576
2218
2167
1018
872
577
6
3285
3872
2541
5675
3160
4684
817
5566
5776
1531
5311
2260
3106
22
1866
131
5186
5960
5715
5810
2128
2194
2870
4706
3199
4642
1897
5609
4414
5692
390
180
280
545
1236
3812
319
2070
5806
3465
5847
5680
5535
5853
2702
2679
4772
998
5248
2040
721
3722
5483
5299
700
2686
608
3137
3742
4966
5632
5336
3353
4043
542
5646
2244
4427
5952
3430
5269
616
3095
3497
2146
3537
3735
782
3602
2089
3687
2745
5820
2262
438
249
4359
3808
5029
5658
423
1607
5242
4955
3968
5706
5446
2981
5662
3950
1575
3622
4749
1781
4799
615
5851
4282
1991
3114
4673
4021
3998
1676
5725
2492
4103
2151
5372
5972
3876
918
5573
1830
2021
2687
4870
