3784
5302
7468
4753
5893
790
5954
4996
2970
974
2760
2452
7979
1558
611
1151
7935
7685
4347
7511
2227
2890
6653
7498
5957
4653
3912
696
4305
7538
5543
2619
1331
4311
3152
3863
4444
7391
4100
5374
4832
3140
5535
25
4148
7443
1898
7746
172
6498
3175
133
2498
7546
637
7297
4157
4056
1795
6230
6661
6763
3114
6942
4617
7484
4944
2946
5084
5369
5930
6715
6490
4284
5928
7380
1892
6419
521
685
6073
868
2820
4274
6400
3256
4228
337
2909
1057
4199
7793
5237
7954
844
7507
5774
2069
3079
2274
2726
5043
7284
1536
7627
4974
6184
5011
1331
5051
4049
349
1635
7121
1397
7550
5009
397
4509
3777
2186
2748
6640
2543
3992
7860
2897
7139
3461
6314
3780
2907
7546
6790
6984
497
5364
5794
1921
5192
3064
7452
3104
3846
3561
2607
6932
720
887
5605
7127
6083
2109
6979
6344
2970
3927
2108
4658
3076
893
4534
1988
4739
6054
1043
3910
6173
19
6780
3821
4798
5206
3271
1173
3873
4824
2268
6961
7930
4044
6482
2254
2543
102
1182
6613
2694
1336
7958
5044
1257
7743
7741
1651
3496
3572
2457
5415
4561
4479
3481
1010
4281
5671
4429
4660
3173
155
2717
7145
3133
6730
1058
2415
6592
1885
7822
2692
6924
6642
2078
7785
6903
1870
6643
2203
7198
1998
4444
613
4129
7111
5280
1289
7025
7111
6159
4856
1056
4849
6557
4964
4174
4714
6391
967
3703
1230
1897
5241
231
6123
2371
3829
4537
3417
5889
521
2686
7241
2395
992
5549
1142
5457
1147
7394
3262
4620
6106
6136
4523
4991
833
5732
4976
1830
4682
3773
2890
1370
1209
7686
4539
7687
4286
5193
1924
7945
2714
6904
3663
7650
6460
5508
2447
4164
5174
6720
6145
825
5787
2900
5215
3805
6900
4616
5278
3648
1028
7735
5808
3512
181
4321
5608
5176
6756
5788
5868
2989
2260
5699
6250
7175
4984
2216
672
1987
5428
7762
7279
6931
7751
6871
1961
2162
7914
893
3048
6191
3783
4897
1720
3770
5561
2096
1544
7366
2398
5284
695
4545
1441
4102
6269
7269
2314
4511
895
6499
3954
6603
6
7892
1525
7058
5290
2394
7931
2235
2249
3337
7769
6055
515
7299
5948
3317
3066
7596
3584
7484
7573
2134
961
1848
7390
1773
4640
7401
4004
2894
925
652
4855
121
4001
4058
2174
7063
30
6566
5601
2405
3268
4935
2908
6915
161
4774
4111
1124
6405
2496
1777
2422
2597
5278
1224
3267
2331
5783
1359
3663
6385
4796
6188
1331
5909
5387
304
2059
6076
928
2875
2868
5199
4052
3552
1610
6958
5337
5311
6405
6405
1583
4016
3005
161
4550
7582
3515
3129
5118
6213
2435
2319
1647
1452
4687
3367
4107
2513
6977
5876
3777
6663
2726
3359
4680
6400
4334
1089
3992
1595
1109
6920
4232
4870
2469
2549
6110
5320
7561
6361
4298
1511
4276
2936
3524
7185
2678
5336
3641
4968
4990
3839
6084
4940
7693
3081
3990
7744
6920
7077
29
2723
7216
5517
3514
3387
1674
7201
7898
7969
2821
243
614
2068
1749
6377
6277
733
2654
7694
3505
4568
4975
1086
2509
6932
1418
2243
610
1463
1429
5848
5675
5830
519
1178
6733
3585
2875
297
2909
7278
6274
7502
6360
3761
2626
399
386
4374
2160
5413
4999
5785
6148
1234
5691
4266
1574
3835
7839
7334
65
3016
6291
3999
2907
1156
1113
6417
3374
7729
4435
5801
68
3255
4768
1357
6960
1391
1874
6512
6315
6170
7864
4240
4735
4956
7957
6244
701
721
2843
750
172
7599
7301
4283
1518
3921
6320
5186
5814
2162
6311
1342
2870
2053
5947
3678
7560
3812
7752
2112
4736
1786
4708
2327
5066
3859
5206
339
2780
7045
4164
5420
2828
2722
1173
7454
2746
6179
287
2959
1268
1655
5795
6203
6889
1862
4553
3206
1154
989
5327
1579
6370
3729
3994
2283
360
1051
5531
1264
838
3682
6950
2719
2514
1548
5466
7591
950
4705
6919
3328
6468
6489
5524
3690
3154
6183
930
431
4986
2802
2211
2787
6613
5126
1261
1576
7113
7932
6080
4842
3857
4540
1468
3800
897
6671
2681
4125
6386
4078
5532
6630
2563
5756
6654
491
5918
1690
4206
2669
5343
6086
1765
2529
6168
378
6926
3586
7458
6201
4565
2898
6123
5036
877
802
3928
5792
1747
7885
7718
826
4777
2734
6393
3376
3204
2431
2821
2320
6268
687
3075
3422
5284
3424
3673
2641
1034
3495
6162
1149
1844
5619
3370
505
3717
7155
2872
6871
1399
4333
4887
1793
1616
2255
4200
2207
5202
6510
2728
548
35
5459
308
6412
699
7253
7376
4794
2285
5511
2942
5846
3149
533
4165
6629
5210
1251
5441
6892
248
7237
167
3167
4651
1838
525
505
696
3603
6045
3457
4303
6792
4320
4243
4168
5692
7764
1112
3263
1364
7246
3683
3391
4643
5476
4832
466
2856
2280
7232
1003
206
370
2912
6644
2080
6671
3555
5345
1548
5685
3861
3707
7871
5784
3327
1043
4081
4077
1520
951
669
1126
3989
4137
3953
1782
6181
3560
5442
267
685
6335
4066
7116
2394
5183
5500
4745
798
4306
5709
1933
2614
6160
4052
7703
630
2943
3135
3429
1596
1230
4999
5881
1101
7417
2221
3528
1793
6676
993
6158
3542
4372
3103
1596
5017
5170
24
7091
1691
5447
6773
4432
5204
2630
6769
4665
7543
6146
3450
250
613
6821
554
6882
4664
4018
3322
5295
3115
4450
6176
1814
618
4257
6733
6329
6186
5467
2495
2547
7033
6058
7154
1380
2959
5237
232
6327
398
6432
3451
7185
6133
400
2774
526
4322
3899
3702
6154
4414
4694
4347
2638
3079
699
921
7599
6696
5249
1315
4242
3145
5037
4204
7391
4165
5739
5338
7243
6030
7869
6141
3726
6462
3743
5481
3737
1003
4049
391
2862
5800
2918
6385
911
2104
1593
7086
6625
2456
3656
4892
4294
5346
1464
2566
7384
6757
1451
3333
4319
7449
3089
6669
4668
2932
5715
6561
4241
7959
3384
7789
3704
7159
665
7383
3583
5759
2855
7004
2239
4702
622
4684
4681
4183
6968
2057
1093
3815
2272
4987
4358
1980
3629
4191
7711
1976
2514
119
1491
2334
3430
3617
613
1106
4949
3941
4500
5980
5461
2250
4754
7029
7624
6049
1657
4601
4800
3454
1570
58
7054
7050
6000
888
2721
226
6101
3668
1666
1143
1013
4838
2305
4483
7448
5810
770
3993
3371
1533
5802
1977
7296
6523
6920
3226
6382
6387
4021
1258
965
3616
3492
6923
2543
3039
229
6695
2057
681
1334
4847
6420
5745
778
1876
3492
7860
2544
5030
4454
6023
3912
2369
4584
1888
5434
2046
2893
2983
4706
7885
7136
5669
3991
2220
6150
6406
7377
2818
4689
7389
6155
1057
444
5340
5232
3298
7958
5168
998
5764
5202
1965
6227
7080
221
6067
4391
5101
4442
4295
2076
3155
2200
6443
4223
2043
6059
1218
5877
1789
151
7233
5133
3934
3726
5057
5272
2788
1522
267
1673
5329
3562
1824
4399
4561
1757
5590
6816
4365
681
2919
4339
5093
2462
2865
7048
7215
3576
7381
3663
6838
389
5078
828
4424
7564
1930
7776
6065
7524
1744
2062
5083
249
5084
2824
3201
6137
2458
974
2090
4014
3882
7597
6626
3546
5327
825
2602
6924
2973
7055
5740
2345
1809
1930
3133
5103
1293
6738
3615
7575
2918
1158
800
4584
6087
5682
1021
732
649
7475
4917
3488
4374
1206
5096
6068
6058
3451
4442
3999
3575
313
392
5295
2454
4939
1661
5043
4982
1682
6744
3746
1268
5414
3912
369
4606
5357
2217
4296
1094
4226
6680
5942
5841
6791
6034
415
1032
6629
927
7903
5859
6955
2784
2592
6187
4481
675
4522
1478
7729
1237
3773
4481
7428
4998
7783
3202
1792
775
2779
5518
1330
4610
5458
83
6109
7391
1086
5088
4134
2243
3501
3207
1816
4621
1900
169
3929
5559
3642
2392
1082
2721
206
3247
1812
747
1253
7551
781
7933
6971
60
4569
2047
4649
570
1057
3969
3190
3041
6108
7755
1181
2429
7662
6835
631
1691
6858
2310
4350
7071
2849
2010
5724
4658
3740
5043
7891
7398
1456
6786
1972
5948
6296
5002
2530
7654
2352
1929
1949
717
5788
919
1734
2050
5095
2702
3618
5465
1656
3300
7646
5947
1589
740
1744
2512
189
4728
918
6113
3381
7938
2376
5537
885
6936
803
2375
5100
990
5265
3557
6380
7667
3935
7772
540
5787
6085
5298
2863
5134
788
4533
462
2552
7364
4462
6632
691
3803
5681
2970
4809
3405
911
5969
1332
4574
6733
1728
990
56
6195
1231
3132
5169
704
6157
6485
4893
6497
1173
7790
4741
520
1109
7797
6938
7721
7216
6481
5807
7520
801
5004
2578
7357
6361
1634
2731
2295
2256
2913
7200
7910
6568
1495
4287
3480
6325
6234
526
3475
1912
2297
4197
593
1559
176
4833
685
4444
4546
4213
3990
3232
4712
1834
1222
7305
405
5895
127
6128
2251
4209
5421
2480
1203
5887
5375
5766
1817
7806
2892
5919
7896
3241
4146
4166
5012
7753
80
7861
3469
3972
7474
7130
3245
1800
5524
4802
7227
1948
6579
3087
5435
3431
2548
6305
4402
4751
2690
7208
257
5129
4701
5670
6383
6688
89
5860
3757
2598
4425
4693
2402
7319
1462
5551
1110
1173
4348
4626
5633
2854
2415
6956
1274
3535
3260
2142
5926
2918
1412
5884
2494
108
773
3443
6015
2073
5739
2445
2984
3595
2249
3584
4895
1505
1688
385
5867
6004
4084
956
3452
543
2797
3706
1361
5187
347
2787
921
1326
1980
2899
3260
4456
4592
2363
1837
7086
6023
3564
7066
4393
2183
5218
2276
6746
1183
1929
7133
5228
1722
6383
7730
6276
4602
1547
5318
596
5770
4291
3641
6118
1458
4513
6669
6054
469
7233
1413
3172
6660
457
5169
844
962
3260
1981
3410
6783
2081
1896
5652
3257
5592
7981
7118
7169
7485
3465
2168
7753
5154
2018
2455
5686
5635
7481
5384
7402
3593
2579
5601
7333
3704
7734
4178
7151
5067
1730
5421
973
7102
1341
3257
7095
5594
7869
3409
2766
6391
7811
2890
1547
4559
7637
1524
6457
5903
586
5200
3250
3644
7554
5326
2927
4107
4495
3635
6439
2832
7000
5834
4921
4000
5375
4495
1943
2007
1672
2949
4516
368
942
6285
5259
6965
1402
4428
2433
4051
1348
304
729
6554
1558
1446
3121
3729
2708
3924
5746
1927
3154
800
857
4809
997
6728
1097
959
292
1599
5505
7850
59
1609
7008
6342
5197
3892
112
26
3401
4007
5276
1958
1690
5121
403
3514
3612
3491
741
1907
2334
4858
1238
4620
3243
5035
5341
123
877
4049
2591
5755
1826
1562
2965
1570
5649
729
1791
7564
2945
1648
6497
579
5454
133
333
963
3580
1038
818
5426
7743
1042
1815
4062
3268
725
6645
4630
2460
7652
3545
892
4128
1596
2236
2566
7388
2188
1285
7877
11
4414
7581
6224
6047
5994
6328
7771
1421
1240
7101
4497
1509
5438
541
2193
5648
2793
5353
5987
1196
4543
2748
324
5301
6743
7567
4335
2752
1406
1202
6380
7538
3607
1941
2113
3375
1799
5555
3504
7356
6107
7741
4227
7738
4955
970
5958
578
4586
790
6709
4057
7869
2709
7339
3982
524
1689
7951
7804
4048
3443
4606
3461
4605
6851
562
4123
114
6495
6181
4042
1058
5496
7087
4404
4013
1662
5036
1120
227
1725
3155
6851
2518
2878
2694
4275
6510
7491
1253
65
5890
1553
3635
6202
121
1200
5082
6091
2041
6611
1133
3980
5949
2575
4878
6190
5521
4514
1687
5344
5615
4480
5739
6649
2430
5411
5669
4351
1881
6406
772
651
5442
7726
5571
5820
2585
3902
4207
2752
5344
3506
6362
1330
3193
7091
1118
6743
166
139
3931
7844
7471
5853
4711
330
2095
2453
3849
7128
5057
5836
5406
3461
2001
4799
6565
536
1009
7817
866
2464
6686
3354
4518
1380
60
3497
3331
3916
1217
3168
2237
939
289
7796
355
2614
339
2997
3902
3681
6306
7927
2974
1531
2669
6876
6531
3207
1124
824
4189
6844
3058
3495
4450
7607
202
5331
7080
5403
256
3973
409
2527
4641
738
5648
2825
1331
6986
3096
5430
7861
2722
3497
5431
3155
213
4121
5814
5908
3878
5151
2835
3706
930
4850
6478
989
897
3362
5777
1845
7064
2795
7998
722
1473
239
6287
3412
4017
3395
653
3552
5555
113
1565
4501
7131
1499
7693
3430
4282
5918
1761
4963
6743
5312
6762
161
3170
7142
3308
4170
5664
6824
3203
2911
4624
4653
5724
7710
1017
1267
5854
3572
1776
494
7743
4368
4980
6587
5567
2094
1435
4052
3031
4251
3756
7552
413
4804
6258
132
7134
5794
3072
5897
6453
4458
2382
3481
6581
4822
4055
7787
5203
2966
2046
5764
5179
7478
4327
279
1553
2378
3721
5202
6450
5582
527
3318
2512
572
4004
2623
3891
5250
1436
3803
487
2463
6833
5639
6954
4918
6236
2203
4018
1846
2708
7620
1881
2638
3855
52
585
1679
995
5605
82
1781
1117
3533
906
6840
7052
3968
7565
3357
4033
6717
7313
2226
6770
5251
5501
3479
5116
3685
1129
6614
4378
2582
2358
4146
391
6454
7370
7382
4181
7879
5439
4005
2465
747
6168
3982
4780
65
4184
4299
636
6835
6156
2637
6025
3249
7418
1685
4662
1962
6942
4353
361
1773
380
3437
5965
7174
4834
1904
3759
6514
7278
5632
2209
6006
6715
2396
3277
891
4465
3012
41
2497
1543
4427
1130
6653
618
2030
7447
7094
4103
6866
3869
7434
7673
7423
1178
5217
7551
947
4977
3083
6978
256
5338
147
2566
1336
4401
2740
3871
2473
2091
3392
2757
6382
5902
2797
5461
3993
7039
5415
4677
5054
2449
5421
4475
2920
3724
6242
987
6221
3259
3642
258
7377
2929
6668
2083
7999
2104
746
2419
1739
1620
3022
5341
2647
37
1672
7978
6847
3545
2795
6299
7101
7055
3359
3091
4549
7786
232
1208
1155
925
1002
640
6833
1201
6913
5205
4548
6326
2955
7423
900
390
6215
3895
5703
753
5075
315
320
4517
1952
5139
3344
575
843
5067
7588
2457
7612
1642
547
697
6370
2747
1773
2651
7471
2641
7997
6671
4426
7387
2575
7180
720
2126
706
3338
5425
486
6959
5405
2150
3488
7602
5372
3874
3326
4300
4304
2417
225
1686
3712
5194
4743
1009
2582
702
7129
5900
7048
2679
7250
2374
7478
1904
6814
2844
7032
1746
5924
3135
4231
3116
1817
4910
109
3801
1101
5214
4252
1381
6711
4868
6595
6762
3544
7209
5360
3876
3152
5807
1056
2945
7570
6560
6538
2233
2077
1314
4046
707
1248
975
6127
1395
5045
5310
5563
3119
2972
189
2899
4495
1450
5340
2776
3768
926
3731
6591
6239
4633
3029
7032
7235
4298
6401
95
3475
192
632
1765
2176
4057
2721
2192
6732
5674
4399
2844
7679
5989
7562
2265
3418
5665
2808
5027
7303
2544
5255
3672
6956
6640
2175
7034
2558
5054
2294
4578
2343
4603
6858
140
7482
2002
1426
2810
5814
7236
794
2394
5888
5264
3223
7203
659
3854
447
4100
527
2536
2412
2432
1959
6475
4552
6076
7756
1327
6011
3259
2351
5412
5162
4271
3391
2022
5466
4003
2594
4765
6695
7302
1270
7449
1221
2520
174
2870
4220
1926
7253
1735
3108
273
4411
2330
4791
1929
3436
7918
6641
6097
191
2661
4571
2504
67
968
1485
1440
1398
7941
41
393
6909
752
6141
1066
4241
5145
7631
5799
3922
1082
2425
3673
1690
5425
4002
3985
6043
6278
2127
309
1624
3148
6261
4091
5542
2323
5752
4052
7757
4271
1803
5747
2563
3108
7947
3031
2086
4512
6538
5387
2413
5971
6762
6507
3472
7203
3408
986
2448
675
6345
938
7309
2938
2798
6500
1595
3352
1752
1593
4306
979
1728
3040
8000
4187
2277
3334
7772
1298
1008
4645
1759
2078
6422
7692
1024
331
3327
1525
2577
6842
6991
4316
4163
276
7247
5558
51
1222
3259
6839
7187
7991
7329
2954
5638
7617
4477
7669
6188
3313
7760
6618
785
2769
7182
6577
5221
3662
3930
3674
7505
5746
5475
6876
4718
2455
6814
3489
3017
1674
5985
6979
5279
4372
2374
5069
2946
3614
7224
7155
5322
5264
950
3563
6596
5181
7685
6082
7224
5
5939
136
4972
5113
5198
6675
6767
7853
1143
7775
7568
6035
2223
2513
4162
4395
1700
7372
6838
4768
5060
5725
828
4323
4126
5083
1288
236
7217
1660
5729
4513
7210
311
3028
83
4382
3085
2548
3328
5184
3831
6257
1058
6088
7479
2188
7835
5882
7521
6219
5410
7316
6737
1626
4655
4590
288
5360
1409
5927
7942
6761
1904
2314
4540
4344
6035
7433
6680
6047
6390
3295
3298
7324
826
2166
3135
5118
3361
6290
2798
6726
6963
1152
2623
1483
2721
71
2542
3476
5431
4920
3595
5942
6987
4197
3926
1488
5151
1653
2560
5279
3858
6779
5404
2614
7670
1886
7370
4435
6355
2893
3660
1848
4281
1101
3632
1644
540
3656
7034
5122
6789
7450
6417
2481
3114
312
1719
6368
7392
5081
2990
206
843
1960
3447
7817
5875
1664
6842
7919
2039
2146
7281
3251
7149
7009
3294
3727
6161
818
5125
6879
3573
4602
3512
845
2592
6193
5320
3090
424
5973
7190
7078
631
1973
7863
4330
473
2878
1338
6218
6384
4461
5925
7754
5084
2189
511
3687
1173
1394
7586
1955
2739
6859
2042
6365
6509
1100
1676
126
1338
1718
2115
7700
5229
698
3074
4269
5607
7667
4368
7821
1052
5875
591
4988
1242
1425
7041
5611
1032
3773
5211
227
5850
3183
2403
5302
7637
3622
4746
1058
3291
6793
6598
7230
7105
6674
3423
160
4285
4855
942
1836
3984
7411
2622
1424
3035
3624
6275
3946
7844
7131
7442
703
3915
4233
4812
4265
5704
3738
1649
1577
7329
6994
2050
6425
7272
4925
7818
5552
2611
6278
5758
1917
7545
3198
2537
3363
7389
1288
3558
7738
4017
4181
5253
5548
1517
2229
4346
7213
7515
2406
5079
3225
672
6746
573
1293
4267
6323
6271
1426
5625
6937
2444
7427
7188
5397
4638
411
7269
6669
1111
5161
2379
967
6656
5887
1980
790
4306
5538
719
6471
750
55
190
1397
4078
74
5955
5384
6176
6161
665
7964
1467
3509
6077
2490
7315
6484
2195
1061
7840
6086
1110
5898
7729
1482
6528
3706
6
1194
1599
1240
6544
285
6955
1526
2545
239
706
3706
7130
7507
6656
7299
2479
4614
7190
6841
3914
7497
2753
1619
228
6314
6466
1964
4643
5594
5632
1010
6254
6264
2607
3289
5038
1342
4883
4443
985
1951
6185
5481
2534
2969
1321
7906
1262
3599
3643
835
479
1571
7914
1256
5876
415
6398
691
4405
4851
3396
6777
737
5600
6838
7735
2100
1046
6180
2865
2132
6395
6787
3778
6221
2194
5407
158
4161
2562
7970
6200
1417
3120
3684
4506
4098
1677
5293
5919
1430
5795
1028
852
5148
497
5691
3190
1215
5687
149
1206
5935
1189
2558
1568
4679
5017
3758
3603
6530
1033
6942
5623
4971
497
3270
225
534
1318
7080
6041
1261
1503
5283
7621
1783
3851
6773
1210
819
2459
3348
2772
1151
1934
3262
3433
6790
1371
7926
7333
6973
4474
2416
3955
5541
7812
5303
7992
7273
513
564
3208
3199
6447
1003
3641
5965
6522
6857
4523
5813
5551
143
7682
1756
2800
5095
6754
5675
3355
6617
1578
6254
3439
1305
2150
1658
3765
6420
2930
2436
5362
4760
2880
5471
7917
5954
4536
6436
700
2036
3149
7172
3017
68
6863
2048
6733
3759
5316
474
3760
3585
3576
7120
2432
1779
6270
2256
3451
4602
7702
5310
4680
5783
7071
1517
7805
4970
6038
1299
2004
6148
5591
3521
1431
1570
6968
5727
820
4017
656
4207
210
7345
2773
7201
2033
4991
6071
685
2675
5688
2697
7511
4705
3449
1268
1091
5796
2642
1179
1207
675
2582
2206
1193
2501
5779
284
1558
7037
1977
2076
4583
5622
1669
269
2825
7028
7912
2435
7003
2587
90
1756
1651
5266
2861
1028
3577
3121
4102
4938
6828
2338
2354
5272
7074
3317
4484
6951
2540
4148
4045
4162
3036
4294
7826
4157
2249
4851
1064
6015
6523
7133
4247
5383
3859
456
3990
4966
3164
7669
5889
2198
5084
5135
7285
2390
2781
1932
6076
7251
6579
5363
6887
7077
330
2318
7620
7740
1231
6288
1341
4456
5131
25
3034
5121
1666
3880
7038
7081
2125
6718
3570
6648
2664
6127
7859
1427
4606
7141
5241
294
2082
4425
6526
3701
970
2399
7820
3700
1384
48
4314
7372
1950
6884
132
7020
3371
2453
3364
5026
2053
6489
760
5850
4154
713
5783
4016
7641
1000
7590
231
1677
2239
2447
2501
7756
7359
122
7433
4922
2842
7857
4418
7477
2126
230
2737
1718
1513
3066
5672
1946
6882
3262
5103
3056
3292
2649
3893
3047
2437
7647
5358
1873
3494
6774
3356
6287
7043
2310
4596
4508
6012
7275
3868
6960
3586
4810
1014
576
5187
4178
3660
2889
4616
6165
3451
1258
7872
3929
5931
7622
1762
5632
1654
7027
7088
3849
7229
2010
7979
925
1749
5579
5778
4106
4049
461
1067
4721
3228
1069
4239
496
4463
5617
1207
2268
3655
102
6199
7851
4976
4158
4424
1976
7694
4108
2157
6048
5704
2402
7788
1402
6154
2048
3171
6957
5804
911
5189
1786
75
5696
5932
5682
4041
1133
274
5075
1193
571
1257
10
1866
2440
5729
1402
1280
3060
4511
1768
6180
6956
6334
1118
6253
1019
4991
7443
2860
4076
5685
315
7160
2363
5676
4969
1407
1630
5410
2467
1083
606
4224
3713
6493
1943
7429
7331
6473
2743
6959
6702
4872
157
48
7468
6807
4623
4335
4335
5438
5803
6593
7334
4892
5484
661
806
4030
473
1437
5839
4790
4100
6711
7428
7176
7038
5006
2560
2815
1248
3837
6649
2320
6270
4007
1642
5627
3924
419
4708
1569
7365
6185
215
7619
3032
1571
395
3472
2161
1399
5190
2896
926
7047
3102
4664
4115
3102
4888
4118
3354
5818
2925
561
36
5438
3964
7827
821
164
6519
2368
2628
861
4816
5523
2571
3808
4517
458
7724
3232
2251
6911
5824
3447
4253
861
6752
5485
3659
6669
4744
5385
5598
1200
2791
3884
713
2829
6938
3054
6278
828
2909
1797
345
6051
4740
5751
6365
6595
5777
7068
3104
2346
1575
51
180
7501
4003
7679
3650
3030
3014
6676
3153
5164
2327
6168
7806
2422
3310
3014
4558
3046
4737
2432
2345
1373
2543
1959
6090
7809
5863
4264
2379
6741
1652
464
3834
4827
5566
2617
5538
4428
3607
6628
7932
434
3484
6030
1284
1436
121
2243
4932
7253
7483
4858
2109
888
1229
5204
4771
2370
4637
4178
4342
7718
495
2691
5561
4773
7432
4997
3709
6267
6631
1821
4671
5257
7993
6112
6322
7733
1462
3082
4316
7105
3417
3654
1196
2362
5466
6575
4671
7042
5480
2740
2037
2900
239
5845
1398
3071
1814
6560
2695
1576
6739
4354
1694
630
2488
3628
2133
6136
42
5572
6221
6582
2427
4516
3560
5877
4383
3867
3591
6453
6724
3157
4825
6905
6266
2454
3524
712
1183
5425
6566
4083
7056
3352
7939
932
7398
6837
429
3725
1214
1516
5131
5659
3260
3814
2785
4292
7974
6606
6727
2644
4765
3577
1757
1437
4714
4843
7273
243
5000
4407
6395
2879
7908
7101
3606
5466
1500
6175
691
7122
1632
6141
2645
3876
3721
6106
6008
6402
215
1438
1684
3828
4409
7518
990
7948
5311
1275
2440
1043
1674
6795
2232
787
7267
7628
6500
1460
6068
794
4938
7038
5615
2758
2522
4399
1775
37
5812
6489
5369
483
1103
5926
7810
6113
1216
7755
5583
5995
2351
5179
533
2956
2608
2908
737
6959
287
4010
6670
2373
6388
5718
6401
4153
6299
6005
4465
6335
7143
1062
4943
1895
3649
6294
5035
447
6731
838
157
5257
1465
5553
782
55
3068
6643
1153
6468
1080
2197
4719
4276
6153
2890
1206
2556
4841
5896
1381
6168
304
5803
2427
5979
1931
1973
4936
7177
5268
2477
7136
2942
373
4482
5634
3676
7603
6492
6396
3727
7403
1751
4392
3879
7572
7597
7692
5677
5446
4324
6187
1771
6248
7758
5141
2882
850
5320
6585
6131
7893
4910
2683
2862
6304
3114
870
79
6206
1320
2357
6926
5797
937
368
7460
7803
2581
5234
3937
7160
3705
3607
6478
4347
6288
1509
4814
15
499
4262
3191
2215
366
5535
7269
2380
7871
1575
3063
6308
2996
7655
708
5682
4629
3706
4223
2301
7456
676
3760
2369
6082
1136
1170
1705
4940
5720
7474
4550
522
7636
4806
6222
2070
915
5088
2448
770
3111
5574
1556
1907
3165
2693
3664
3240
6404
6279
2589
7787
599
211
3870
7675
4260
7950
1931
951
7266
3395
4111
1996
4726
2505
2564
645
906
5000
6984
2204
3488
7768
2553
3254
243
5120
1228
3022
1013
3518
5915
6828
4524
6669
6831
3026
6208
4813
605
528
1224
6419
4607
4878
4591
4140
2217
3078
442
2874
341
830
4306
6999
755
4555
4179
7211
1105
3770
1109
5792
7045
2877
3305
7259
7228
7934
1082
3277
1795
1739
3920
6471
5847
3733
4868
228
5066
6643
6637
7174
7352
2580
4487
6984
1832
1973
3819
5356
6231
3500
2689
7566
2782
6873
1050
6921
2009
2041
7151
1478
3578
7802
623
2422
7335
2182
537
5750
5103
3375
7321
4024
4420
7310
1047
1169
6243
4413
5707
7890
2297
4022
2526
6365
303
3163
1362
3262
4340
4781
4238
5284
3311
1148
7057
1481
5015
3689
5970
1217
5759
3271
3087
2365
6454
5783
2940
7317
5367
5367
7813
6796
6044
2892
4136
2316
3827
7250
3013
616
7361
4454
2673
4874
643
5874
2686
7978
6733
7681
3044
6986
5222
7968
5735
5175
6731
5863
6426
3759
7814
2648
1532
1146
2221
980
7071
4868
2609
5632
764
729
4658
7600
1437
6571
7259
5112
3396
146
7139
7124
934
2891
4137
7769
2479
1665
7411
2522
4952
3590
2931
6508
6530
4317
830
2678
3279
6076
6827
7787
1891
4491
4952
511
1460
209
5479
4641
5694
2493
575
7213
2335
6153
2687
395
483
1407
2593
4391
4912
3926
3975
269
6543
6724
2377
6713
2675
7817
4083
7886
6499
6660
3711
5323
7941
2681
2339
3789
2730
5792
1626
7193
1937
3110
7192
2660
3135
6193
6458
1465
7768
5061
3427
1070
4933
531
7823
1602
4088
32
759
4487
2359
4319
6671
3543
1079
5382
5808
2255
4160
2719
6547
7279
3322
2994
2658
5069
3360
6278
1297
4338
1020
4937
6163
128
4942
4095
2068
2657
950
559
2627
923
1108
5017
3234
7256
3030
4553
3840
2504
1610
1147
2635
1296
5300
1705
4046
5237
2248
740
3419
496
1256
4521
4783
175
1495
2941
7434
4416
7553
6781
5763
6941
4055
5499
3870
4422
4689
6120
2840
4631
2532
6797
6677
1525
7278
6602
259
2448
5638
1730
2610
4437
7064
1189
3690
7928
3420
260
4728
3115
6212
2952
3835
7544
5935
3790
2666
6665
6734
2330
5217
508
4679
1362
6478
2025
542
2128
4970
1191
4901
2777
6881
3222
1246
369
875
7928
1371
5340
4133
5845
3484
3517
5586
455
4264
5208
4067
1131
2698
6212
7423
6485
7369
6375
6440
1380
7298
4417
6058
5062
5137
3840
1444
7321
813
5676
2395
287
5632
3625
814
1204
3348
216
1028
6592
716
2153
1529
839
3733
2670
7436
3668
7322
6044
6849
7677
4790
5686
4040
335
7460
2715
2040
239
91
3724
7146
3302
808
6953
3317
2384
439
2226
4532
7753
7072
5259
1981
3289
2822
219
5409
597
546
671
5097
7782
7386
7121
4151
7811
5938
5648
7069
2228
3206
6748
5700
5556
6841
3274
529
6946
7699
3799
1046
7576
1841
6666
1532
3589
6002
3360
4454
5510
7765
2505
7996
6479
5624
4374
3786
5690
7786
7341
813
7699
7378
797
6434
3652
7005
6607
6983
5557
2355
7381
6572
1203
1078
1700
6339
3221
7732
1772
1649
4991
934
3851
2275
2683
2282
3036
4576
5671
5977
3303
4609
5651
6145
7964
4999
4311
2414
2203
7750
6242
6371
5866
6474
5766
5333
6899
2696
2878
7886
3323
3902
4636
1544
576
6356
7157
6010
4196
5699
894
1564
1154
6432
2213
973
7611
700
6071
6183
7663
1252
3254
7941
1173
7476
580
6161
5289
6756
3135
3165
5888
3252
5661
2768
936
1553
7885
2656
6016
6180
3704
2723
7726
697
2891
7742
979
5238
3712
1722
4313
3391
2611
2554
4906
7190
5458
3127
3756
4369
6726
2551
4413
485
7838
2614
383
3126
3957
5725
2571
3787
7129
238
7274
882
496
1634
3711
5006
5892
1237
5476
1693
4130
3412
6051
1807
5156
3356
3464
7694
6926
3081
1235
1648
2306
6583
4695
3400
5190
3931
465
6901
6597
3381
6758
1082
2597
6705
437
3705
3618
530
2545
2672
3733
7234
5707
6477
2406
3068
6196
7095
7885
3866
4158
4235
2182
1488
3348
5708
7229
6224
6550
910
7599
3057
1736
3087
7618
3023
5147
6873
4819
915
7482
5945
4625
1515
1808
5269
4234
3845
2429
4349
6897
3028
7020
2544
7061
2550
7338
479
3849
7102
6
3290
4201
3200
2858
1642
7464
7215
415
4530
3784
6867
5094
3875
2407
6922
2428
4832
886
5921
1962
5612
6268
7534
2490
2830
1427
2276
2161
5333
1900
4017
5163
5674
5735
907
3810
3611
6357
7858
2774
6464
4465
3459
3778
3073
4801
637
775
4158
2522
6984
2632
6968
6634
4205
900
1880
3061
6706
4198
1911
235
3669
2397
1376
6018
88
3306
5909
2381
1381
7952
931
7388
5877
2425
3516
2869
2689
5948
5374
6422
2212
1724
5095
3401
6526
5818
5687
2735
7773
2373
5879
6602
1685
1749
7359
3533
6574
4613
2424
4107
3794
7672
7112
7537
6380
5740
4278
4531
213
7296
2350
4267
2299
1523
2903
4664
4004
7762
3915
2512
6608
4153
1954
3157
1825
329
5656
5275
2418
5572
4718
130
6723
5171
2325
5612
363
7056
490
4616
195
4181
5793
4044
2632
2938
3478
4692
5994
7240
6155
1115
1222
1382
3054
6343
6878
6475
4355
2779
6626
3142
1962
2326
4745
6235
449
2410
6668
7737
1127
7689
3944
6169
107
2766
3479
5195
7199
4942
3436
5944
1104
1655
471
6274
2869
2394
4739
6173
6865
3216
6220
7071
5073
4241
2046
5121
7679
3058
3132
4145
5023
4897
1769
6127
5990
1447
569
465
5021
920
1716
80
3706
1147
3474
4166
2409
4132
3191
2084
3478
7954
7961
3787
3022
4995
1600
4475
6215
3778
3591
6572
1545
2504
6460
7053
5641
2313
451
3923
6852
118
6522
2978
7207
1516
1164
1643
7054
3702
1331
4779
7858
1166
6354
4840
7402
4726
3506
981
2574
177
2128
3653
6182
111
847
5454
1224
1980
6144
2157
1232
6234
3378
6199
23
6223
7706
4864
1079
3037
6748
2072
7896
7136
647
536
2430
308
5930
3915
512
5477
444
4834
3124
2628
2574
2276
3657
4643
2196
7979
5361
5617
1987
3610
264
2142
1653
4575
795
2828
4370
4449
1642
6143
6014
4014
7036
4932
4416
1926
253
117
3651
6181
3999
401
3118
1747
450
4833
7537
6494
7329
3577
2532
6432
144
1884
2628
6264
3733
2599
1076
215
6190
4607
3619
5437
1138
2103
2999
6384
6559
7358
4387
7770
3375
3063
7061
7509
5398
3435
7871
4884
2066
3495
1812
5991
44
5924
4720
6853
6131
406
6256
568
5479
5839
6615
913
860
6371
7825
3162
5904
3029
4599
3427
7313
2791
581
1692
6134
3184
4982
4388
6836
1177
2480
5294
4624
1408
2651
4701
1474
7695
6977
3703
3232
6954
6719
3929
2603
4997
5209
3834
5175
1783
7020
4704
3834
7374
6286
6200
3557
1169
2754
3933
5420
582
4965
201
1650
2611
4495
3859
7765
7812
2729
3226
5342
3750
4512
3999
3425
4517
5490
2397
1537
222
1578
2759
4205
4718
4665
7787
2030
7075
3537
2127
6465
1659
579
907
5878
235
6000
2539
5007
5818
7592
4655
7468
2621
6524
2662
7218
298
5970
3844
468
5290
3336
1664
4434
6829
968
6131
2579
6900
2982
6170
6017
6164
607
6940
1323
3725
2660
375
7763
2519
297
2170
3552
1297
1922
579
5214
2134
6794
7513
4833
3974
2884
1662
1072
1374
7309
4123
5492
2790
4037
4351
6731
994
6794
7627
3519
4619
5283
7608
7933
5813
4343
4987
2249
2684
6024
3598
2386
5256
2542
3636
485
1496
7098
1965
2053
2515
1030
11
4995
4861
2717
2817
2984
6373
1092
4487
2391
1620
6109
641
5657
4757
1676
5145
7367
1016
2284
5846
3116
3172
3901
5699
5510
6476
779
1744
582
146
4391
836
2811
6805
7054
2719
2256
5908
4116
5943
466
1890
5789
1628
4893
5384
576
4585
155
3563
2985
2646
3306
253
4028
1042
6026
454
2057
1767
7587
4684
494
4924
7467
6968
6802
1188
5095
2898
2380
7235
4051
7703
6527
3298
6506
2613
2892
1230
1774
7838
3540
3404
3778
2794
52
1357
3910
2553
2483
6814
7391
4395
859
2955
3158
3232
3409
1468
7526
1400
5325
6489
6534
3769
7229
7180
2936
866
4360
5629
4408
5822
86
96
2999
2744
4034
7245
3565
3260
5239
2224
4624
3049
4117
5088
2203
1558
6409
5633
3508
5754
1222
4075
119
7655
6737
4035
5536
6506
1459
4519
1742
6651
3052
5364
2023
2721
3139
3174
2513
7082
5611
6547
7146
6164
2549
6607
6573
1951
6251
1755
2223
3912
5759
816
7275
805
1037
6448
537
3633
334
6238
7416
6649
1697
4965
948
7470
4742
1535
4537
3489
6521
7228
557
5641
784
4468
3487
7829
6061
6295
3114
2615
5310
3246
5120
1053
224
4991
6934
1313
2054
4648
5391
259
847
3777
4772
7196
6686
3695
5957
1021
4094
1747
4459
1985
736
2444
1600
4044
3793
5118
2407
5942
3948
7745
7285
6036
2981
4185
4590
5276
4298
1611
2306
2755
3769
3065
1127
230
3056
123
366
7056
6284
594
6336
4841
6975
7634
5111
2542
7508
3044
4996
6456
6965
6410
5819
4901
162
7300
2397
912
7836
2769
2788
1243
2124
3118
2661
5486
5280
2603
666
728
4126
6631
3637
5039
1380
792
7403
3866
3213
5591
2312
6421
7167
6291
6756
6589
2393
2208
7671
1611
647
5694
6525
3499
7203
1352
3313
4686
1290
582
6118
3100
7638
5016
5994
5805
7981
1910
2576
6101
6534
4035
823
2246
1642
2065
5687
6332
3029
90
3826
5719
2634
7480
6437
329
6392
4600
3296
1404
3776
7002
12
6888
7462
5987
2952
4084
6543
4311
1660
4392
7893
7865
705
7358
7724
2739
2769
6771
4726
1438
3254
2557
4429
4746
3885
4459
3189
6197
2213
7899
3589
1913
866
2783
7995
3192
7892
5926
7599
7849
151
3140
6637
878
7197
7677
1324
6922
5505
1863
1197
250
3742
6089
5819
609
3410
6681
4201
5132
7472
7950
3366
1065
5136
3173
3407
5874
5419
213
2257
2439
988
5995
3364
5596
7196
3448
3223
5532
4483
6066
2996
2486
412
1614
7606
5712
458
3859
7750
6173
4617
7143
6827
2576
2511
2918
5706
1974
6233
3098
7331
2681
7520
3089
2473
7889
3337
2327
4298
2919
4506
2018
5325
3457
2386
2124
3777
1509
3031
7965
7644
2278
7037
1798
6289
6439
3810
5391
7000
3544
3122
1641
1219
4395
3656
5139
7020
3867
2917
2655
4728
5111
3245
5424
5555
2455
603
2544
2954
4628
3117
3635
6064
7630
3293
956
6991
4914
4781
2499
2489
2435
2301
4643
7767
5759
1121
6168
1674
721
5469
7613
4737
1363
7911
6020
3768
2759
6010
6159
1435
1807
7379
6009
6051
7115
361
6849
6029
6473
4681
6156
7265
2212
2385
46
7183
4053
5405
452
7064
868
6475
6538
2140
7105
129
4611
3586
1502
2684
7305
7377
6407
3699
5975
994
7046
2857
2309
3141
6688
5871
5572
3958
3900
2428
1120
5713
2889
4954
4483
6836
2304
4968
703
1224
2466
1914
6338
3638
1378
3296
3283
4956
704
343
3510
1491
2615
1117
6065
7370
4846
1304
4831
5971
85
6433
7008
7318
6500
5970
6000
20
7403
6583
904
340
1224
7370
5962
6350
7592
2778
5624
3445
379
3178
3652
6163
287
6731
5328
3800
941
7366
357
2256
265
5111
5625
2526
6165
753
6501
5706
2284
7392
7869
6862
6139
5780
2605
763
1423
2206
2170
7556
982
7609
850
216
7804
6418
7914
7677
5253
3209
6297
3302
4033
1081
1010
672
1721
3771
2830
748
352
4399
4452
2578
5333
5413
2293
4418
7316
5828
95
5121
3697
7339
3876
757
3938
4950
6512
4217
901
833
2579
7281
2106
833
882
225
3930
7371
4255
3151
1293
6759
5284
2305
3824
1337
6366
4518
2351
1606
4744
5827
7866
2382
2325
6686
7851
7482
7115
2165
132
1318
5825
3123
7565
6896
1025
4124
4206
7847
7828
1670
1150
6625
3461
90
360
880
3123
3232
6615
5861
5253
2742
1289
7737
5600
6090
6826
1202
3501
3871
7371
3229
3222
1292
4263
5918
2755
2432
670
578
6481
3290
5127
7025
6774
3941
6330
39
777
6950
6572
4828
4279
3971
3101
7404
1174
5872
6357
6656
7867
5554
1245
6059
824
2492
7419
1937
4432
4763
1669
5116
1245
7828
1057
6062
584
3043
4609
2048
1174
2638
1118
5338
7859
3756
3265
6866
5839
5432
2768
5610
4877
3793
5864
1707
3835
7855
4884
1292
80
4169
1041
1709
2640
3791
5916
2172
6083
7296
1767
4907
3680
3213
3249
4279
1825
4254
4507
3002
2098
2587
5171
132
7728
5810
5960
7225
4764
3414
6490
1109
6649
3915
5122
3388
4540
6942
2286
1326
6140
2946
7265
6570
454
1520
6567
2855
6599
5341
4105
7902
4156
435
5222
7209
1382
6415
4904
1199
985
2763
106
5149
6884
4725
5780
3228
7910
5390
27
3006
2003
3671
5869
7023
4819
6521
5136
770
1335
2195
6741
2738
1842
2314
3652
3964
6708
1363
5099
6121
2016
4954
6301
4079
3997
6112
1283
6680
3230
1004
2468
213
197
1449
6254
7970
230
4050
5522
5891
3107
2904
4614
1903
6766
7582
2900
5844
6975
4675
4761
894
7482
862
2971
5139
5834
3391
4393
3755
5265
4390
3970
4719
1186
1945
6093
1884
3797
2327
702
3809
5411
3734
4518
1122
5475
5863
1483
351
3039
3151
2004
3
3117
7442
3638
1292
1780
7210
485
7187
408
219
4578
1474
3188
7213
1657
6544
3537
3601
1127
4888
5548
2321
7106
3838
2262
4397
5487
297
1734
683
3822
6707
7455
4762
6008
5117
3606
7794
3180
3402
7599
4331
3851
2269
4387
7596
7132
4228
7040
7195
7882
5253
2083
4240
2612
5573
3786
3440
7786
1958
3646
5196
7928
6570
1424
7056
3965
1759
2473
6687
5480
5596
2804
6480
655
6294
1499
6284
371
6888
2196
690
2673
7981
3584
1808
4087
5481
7812
4263
5184
451
1930
263
106
3544
4620
7995
1512
2995
1200
2920
4982
704
2941
6096
7726
6144
4467
4114
2945
3560
1073
6443
2675
7143
7162
3383
1640
5423
6380
4554
288
3967
1691
3552
1134
302
4148
981
2695
7336
3375
1628
5545
3131
5044
1845
2812
2186
3641
3746
3254
2729
1861
1760
5095
5767
523
3490
6230
7404
7185
130
4720
1554
2042
1852
2850
2535
7862
7765
7589
5233
7694
4121
260
5538
6404
1877
2975
1902
2321
1084
7506
294
786
3298
5728
974
5882
3767
7892
7018
5447
5966
3028
4170
4874
5810
6210
1145
2454
2426
7198
5423
5277
7691
5251
2522
6797
5116
3235
608
7668
4833
659
2035
3953
1051
665
992
7709
2452
412
7189
3647
6019
7075
6126
2469
7040
983
2104
3234
5411
2386
4325
654
2070
4482
3950
3931
5457
1732
7232
7748
3312
7105
2826
3642
1950
2124
957
117
2271
3729
1045
3859
7385
6704
7228
4002
380
2081
705
361
2197
6905
1934
6893
3420
2365
1210
6618
6412
1984
2416
3335
6086
3164
7233
1077
7353
2476
2250
5778
2462
3990
6670
1307
2958
4916
3070
2978
7714
3171
791
4176
654
3796
1498
7967
2717
3990
99
6043
5909
1541
5360
7610
7490
7800
2857
6912
2207
1697
7661
5743
2882
5750
5243
7293
7900
5188
2411
6383
6041
1709
5663
7954
6214
2307
2863
171
688
5158
3354
833
7386
6589
7726
5310
1194
1797
1678
7190
5052
2128
4636
442
7597
7673
803
7302
5531
2740
5382
6608
3469
157
1768
4914
3056
7121
3944
5817
6977
769
311
7148
660
7463
6840
5441
101
1337
7680
3597
973
4443
3880
4276
3555
7908
4669
7778
6760
988
4667
929
7691
4282
7342
3802
6946
1752
187
3767
1005
1973
1437
1042
5050
6834
1916
7318
7779
6302
3870
3561
3203
5818
1467
3285
5550
2649
2029
3563
190
5547
7195
3361
1198
1115
4192
7127
4033
5870
4853
5087
414
6223
6615
7702
5407
4798
2906
5800
6883
6872
5629
7696
7383
4375
1289
6325
7105
5634
6652
7183
6255
1674
7963
1179
3997
550
4539
6584
1414
5839
3895
7453
3811
3786
2429
4070
6523
6592
7823
4704
1721
4693
969
541
6498
1832
1723
6136
2215
2707
7710
3739
4791
3355
7474
4534
4772
373
7052
7169
4536
2629
1263
5091
5255
2109
2816
3233
1847
6544
1725
4088
2998
3257
2793
3939
3785
7798
1469
6990
595
4383
126
7799
1901
5649
2170
3675
493
5926
2570
224
6729
3877
2031
210
7150
1379
3662
6970
2726
6298
2164
7284
3772
7214
6048
7192
5100
5554
7291
6302
4668
4926
5347
4466
7882
4244
7504
6763
1445
6203
4659
7333
2747
7516
4699
6272
2433
4460
5792
838
1056
2280
2778
1668
7996
7844
5663
1650
7770
5960
5972
7032
4377
5164
4184
4650
1214
7596
4116
1482
4594
4722
1462
2774
3184
2127
6354
7423
2229
5850
4611
3386
7360
7572
7445
5105
4875
6176
1568
6050
6900
1552
5467
3098
5981
3434
5395
4235
6181
3704
2121
5328
7642
4794
7169
5646
742
819
7803
7746
5000
7992
6446
447
5765
4720
5282
6655
4555
4952
4020
4902
5837
346
4473
1373
7399
5769
6164
1569
1562
1329
4226
7030
7177
6574
5780
3512
3554
4124
2348
4055
440
7262
4694
2092
1715
1347
6186
3465
4926
4281
2432
5651
773
6531
2728
1064
6171
6073
4574
3746
5220
1928
380
5648
6439
1828
5484
1763
2596
2756
164
1274
2716
4369
1332
6466
469
55
4068
3138
4078
2138
1949
1697
7335
3471
4632
7899
3037
592
428
2431
7434
5175
2690
6030
5723
1492
4041
3514
2564
7728
7661
3946
528
7678
2406
5630
7413
4380
5644
5075
6462
3030
1603
1410
3143
3971
905
2515
3558
2858
7044
6791
1257
6296
2447
4906
197
7282
309
2217
3676
3366
3523
7835
1306
3548
272
2903
1664
1012
6251
4061
1889
2108
326
2850
7197
7872
37
1636
995
2531
5056
2744
1306
1824
4874
5484
1073
3630
106
2780
6179
7792
1406
5088
6794
3978
1771
6626
2633
130
1711
250
6599
2062
3024
6710
6366
5611
5505
3788
3900
6209
347
4179
5644
2528
3644
7755
5891
5414
2978
5004
6750
2139
7850
2430
3658
5476
4100
5704
6450
5166
6954
3602
1252
5019
4340
3415
2238
7427
914
4622
3862
2956
2387
4088
2069
3331
998
2650
5655
6904
6410
2115
5021
3525
1348
2488
4651
5451
465
4035
7460
5231
1741
1887
1785
1345
5247
6721
5584
4398
6364
5695
6747
6123
4068
5508
2992
3802
1558
6730
7007
2400
6336
4119
2923
6697
4263
3747
6614
7727
927
3429
4521
3134
5495
6391
2187
6671
5676
3035
4125
2820
1752
6809
6327
4195
4133
561
3082
3049
2391
4115
4415
735
3071
3501
5797
585
6363
720
3312
1793
12
5503
293
6517
6685
6542
2473
5925
3013
7437
6889
2508
1055
3533
7103
6546
481
6559
6804
7189
1509
7990
1997
3757
1860
3698
5256
5902
4526
7829
1832
888
3185
1667
6894
5916
5202
2549
7291
7277
1996
5964
7121
4859
40
843
1332
6216
5341
2494
2390
1933
4193
341
7756
153
7905
5706
6701
4723
7353
1506
6322
4840
5072
7048
7217
4074
614
6330
3938
1591
6267
6545
5574
5617
2151
94
5944
4523
154
2479
2483
5482
4780
6285
170
158
7858
3183
5465
2193
5020
3393
2427
1783
4451
1629
687
7619
6434
7813
6258
5645
6073
3227
7124
3249
4533
5164
4747
2052
4351
3067
82
3639
3428
6391
2991
4760
2412
5091
6815
683
6407
7123
5692
1573
1295
7108
3636
7635
2212
2135
2951
6479
2225
7902
5632
2811
2680
6238
1036
1773
5693
6618
2771
4168
345
3325
7715
6667
4292
5563
290
5591
7134
6544
4379
4913
1740
4893
2417
1921
6771
4038
4628
3168
5554
556
5064
7357
7440
2201
1068
5956
6076
5700
7536
5154
7742
5904
2465
2223
4896
190
5186
3528
6273
2202
4285
5942
7296
7729
7722
5895
3187
3179
6075
3186
7325
34
1765
1878
155
2170
5333
4200
6385
6648
1435
5488
1402
3493
4831
7771
6906
4873
5783
571
797
1798
1344
3476
6875
2504
3537
759
4983
6196
7416
759
1573
2178
5366
1432
69
7151
771
4121
1476
6775
4611
1402
3209
3507
6409
7011
6391
5815
3502
3674
7578
7893
456
2745
7642
2494
1453
7579
7137
6033
6801
3952
5465
5298
7491
4809
3631
5439
6184
972
4634
1701
3829
2053
3143
2074
167
4483
5549
3032
5388
973
4394
2250
7203
4819
3610
2433
1440
1677
3930
6593
1821
3286
3445
228
743
7621
6145
6607
2255
7457
5571
7573
3029
239
1674
7498
272
4130
1245
5709
5243
3627
7500
4738
3002
3434
2997
2215
6461
878
6800
5566
4200
1365
983
5154
5445
6782
3613
768
5619
6979
5998
1366
5121
1043
5520
1556
7438
2626
5876
168
2921
7217
4124
1623
512
6387
7339
1942
1280
1350
7236
5223
3100
5117
6147
6853
5180
7691
152
4888
6757
4755
4399
3426
4080
3067
4428
7451
7146
4855
2401
1663
6930
2496
7843
7137
1664
5535
2270
1958
202
3222
4487
4618
1020
7015
7967
7787
6231
5604
2991
2534
1701
6909
5627
1516
4995
7503
3512
5249
5664
1813
6111
1937
5068
5084
1832
845
1948
5743
5780
4551
4813
4409
5990
5126
3280
2292
4190
4103
4031
5655
4969
118
6464
810
4734
3122
3131
5504
1885
2147
1377
4817
5636
696
1188
5858
2704
3082
6548
4518
39
1608
7579
6227
509
3247
71
2385
2514
5441
3670
4565
4241
6467
1827
5188
504
5233
4458
2011
2736
1111
2400
4399
5040
4636
7066
311
6218
6580
4825
6042
255
4099
3393
6287
332
6822
5962
2059
1525
5250
7140
3047
6159
6146
6834
3737
4702
4176
2140
3889
330
321
2452
1665
5339
1201
2930
2193
2823
4594
6298
3268
94
2343
2879
2471
6234
7284
7770
5653
6018
4571
1572
3031
2053
2050
6838
1994
4936
7329
1619
1136
3525
3034
1009
6519
3047
4479
6685
2794
4647
4551
2606
255
1899
1269
192
651
3297
5851
3750
750
4697
3785
2464
7621
104
3340
6640
7935
3410
1491
4077
5462
5390
1775
7802
7913
6136
4473
855
6004
6644
5025
1165
1760
2508
2343
7429
3078
3581
5321
4208
2290
4741
3904
1027
3330
3150
5885
7035
615
2274
7959
289
5424
944
2880
1065
6401
7309
2074
6374
3633
1457
2056
7703
1725
4447
1602
6488
4526
1090
4097
2679
3062
4918
6265
3687
3823
3298
5846
6681
3242
180
3499
7056
7135
7355
3566
5875
3312
2396
2100
126
3198
3338
7783
315
5033
