1959
1324
2540
2777
2355
189
231
1292
1107
2278
1041
2378
743
1673
66
1951
1890
1450
2345
528
2455
1597
889
1537
956
2614
2145
2780
466
981
1966
1989
430
486
1391
1737
218
1697
2319
2585
685
1004
633
1959
1528
2856
2894
1168
1408
1445
1568
1748
538
1306
2081
2073
2654
190
1658
2574
2210
1813
1413
2005
699
2974
2072
2403
2929
323
785
1500
796
2509
1047
433
342
1499
2359
1560
2400
1831
1072
2871
1069
411
558
2348
1010
2999
1307
297
2917
1956
2128
2498
825
2886
1599
2618
1580
1322
898
2541
903
837
858
2308
1435
566
85
693
103
682
970
178
2824
256
1330
665
1622
1407
340
240
909
336
43
2065
177
1170
993
1537
482
159
1345
2299
44
1749
2203
643
2364
663
1164
1504
1059
1191
304
2452
2074
1928
2858
2852
1851
434
1887
989
2100
2820
435
1538
1299
2169
2604
486
458
596
1061
901
1635
485
1986
1591
2555
295
1417
1895
1478
2504
973
448
2839
1284
54
2955
2876
131
2073
2681
1428
1908
1968
410
471
2254
2966
1881
699
2736
222
1925
2757
1688
943
2659
1684
1604
306
1479
2255
276
48
2578
2536
2902
1180
660
612
2099
2999
1442
959
2241
2311
1697
940
1040
1109
59
2755
1116
2028
2074
2746
2139
1451
1733
2450
2201
312
555
1232
804
2608
771
608
786
782
605
562
2168
740
2132
2949
1897
656
473
1111
2275
2996
2034
648
1263
1467
835
769
2478
431
2068
2853
2387
60
2453
1166
278
2801
1317
2693
204
73
888
1232
1670
401
2857
311
2076
418
2294
874
50
2932
2463
1022
2297
1435
2237
2034
1369
2039
1423
89
419
1933
1220
1540
2132
2057
1252
966
1615
891
708
1884
2028
2658
1022
985
1637
2906
187
2471
2216
2726
581
2119
343
441
1881
2699
2306
2547
924
1623
2668
1669
2013
2633
2145
2654
2449
2050
2340
881
2962
2127
1160
2903
1166
2556
1521
1428
439
260
2380
2267
2704
1329
2721
170
727
2457
2702
2348
2160
2549
511
50
1371
240
2862
2419
1551
2896
40
2787
2252
2712
2832
2773
2115
1912
1567
2110
1158
2384
361
1285
1967
2098
2582
518
1792
2369
2578
1670
1037
1700
2663
954
2853
1061
706
2358
2944
2403
1322
382
1311
648
511
890
1540
888
1138
849
1179
2813
2115
1442
899
921
2274
2604
1498
403
351
774
25
2186
2379
204
688
603
282
1716
2802
1869
2162
2904
1403
2387
2471
140
1694
745
2554
490
1187
731
2816
1063
1056
462
1901
2062
1834
2436
559
2286
1917
144
2866
353
1146
2906
2574
164
1415
743
1120
1752
144
958
2458
2508
634
1447
2619
457
2955
1622
365
874
1049
936
1361
2581
2014
419
92
1140
227
1942
2770
2498
2088
2521
2444
831
2049
1800
1258
2778
1102
2374
2189
483
573
1410
877
2568
1100
784
2834
1547
576
1307
661
431
2513
772
970
2065
1039
1070
2457
823
2390
1245
557
1218
1367
2039
2724
38
714
2254
460
637
2871
1893
831
728
2726
2585
1419
2662
1870
2387
697
2583
1648
531
2955
1290
932
2442
989
1357
1603
406
2302
1180
1577
14
2102
2990
1616
1855
2964
1816
240
844
1086
562
1029
2575
467
1901
27
114
2506
2859
534
977
2930
1002
2191
2796
1968
1478
592
1930
1321
1241
1295
298
807
1157
2768
1080
330
232
2464
159
1044
2583
902
1409
1210
2269
1174
1248
1063
2681
2921
2688
183
1664
1339
2589
538
811
994
1651
2544
1968
2257
987
1188
374
593
1001
2954
1059
1456
2427
2487
2140
672
2270
742
2471
2394
117
2026
2413
670
1515
1741
1250
2568
2719
1830
2886
469
2543
2355
1609
2688
2108
1493
781
1448
2145
2090
63
903
2308
65
1599
2525
1050
1162
1059
2749
2213
2597
1138
2614
2438
1181
2575
965
1938
125
1854
2419
418
357
1360
2312
1500
1422
2941
655
1076
994
1512
881
226
766
1212
1471
554
2077
1490
1495
1921
1666
2094
768
986
690
481
2929
1785
713
1782
2699
1953
1495
1347
161
1021
1450
1449
774
2082
1507
222
1121
2288
72
2175
13
1556
1176
2006
384
2674
1976
610
2354
2693
133
1700
2975
449
891
1987
2576
708
924
2005
1640
2582
60
2311
1578
2548
2255
492
249
191
2164
563
964
2252
1765
2173
44
2089
2711
639
177
1299
355
2268
2098
2051
130
361
435
1305
1213
2617
1076
2779
2950
605
1178
118
134
2878
2146
2703
731
902
2447
1263
2700
258
315
1272
633
494
1857
2190
2190
373
667
1562
1144
504
918
2372
2826
2544
984
663
2151
1082
501
1245
1478
675
1700
148
381
256
2165
2979
2602
318
2968
2306
294
638
620
1091
2562
2926
554
2686
2578
2944
805
1096
2764
781
2267
210
274
1339
322
553
903
1380
1401
2271
2921
2601
1869
993
2419
1660
1083
1582
1445
1313
1957
22
285
2006
2434
1287
762
2575
1031
1096
1201
2063
1637
759
2770
2602
424
1103
871
1384
1085
1869
601
1760
1488
235
107
1176
1399
2500
2061
555
1700
485
2229
2236
2619
1610
318
2551
607
525
1240
2921
790
1907
2468
2824
1526
2268
2515
1285
585
2214
2953
2421
843
1402
2824
2600
1187
58
2166
1471
2429
2077
451
2715
1298
835
329
912
2189
803
913
565
1822
2909
822
1359
1634
2633
354
2658
1586
563
365
178
1451
2442
1897
888
1984
290
1165
448
330
1881
2446
2392
442
2770
968
1951
2427
177
935
2150
2347
2932
711
1673
328
277
52
1175
872
411
539
693
826
2425
2467
1861
1681
2115
1425
1299
1622
336
1993
263
1517
2385
1575
847
2004
1370
132
1749
1903
2377
2896
156
154
1365
2667
2854
2119
1379
1004
1438
1929
2370
1898
2426
1662
1348
2060
977
945
1265
610
584
2512
42
207
980
2571
1198
2830
996
132
1125
2549
2011
593
1225
1854
2109
26
1210
12
2127
2855
2464
2132
2523
79
370
1522
2904
764
2466
1290
612
647
470
2984
1118
636
2355
1232
577
30
1612
1213
719
544
1298
691
2189
2518
930
1789
821
341
2592
2996
1958
894
2393
73
340
2673
882
352
981
613
1070
320
895
665
1346
2491
1589
955
931
45
1331
2257
1094
2352
1391
1456
2969
2658
1518
635
1254
937
679
2854
1960
1214
1950
2615
2748
772
1321
2877
1986
2119
1239
930
479
1717
1742
720
1056
372
1337
1321
65
627
1274
2372
1459
1536
2085
53
1160
2219
1652
2532
1562
636
11
2201
124
2581
1257
2804
2885
2377
2845
92
1347
2155
2638
2252
2092
1050
2270
2537
488
2386
762
2425
878
2351
795
2127
2356
901
2925
1275
1036
1435
251
2866
208
1661
240
34
1957
1586
116
1952
355
930
1971
2589
2885
1422
1023
1982
1951
1002
1979
1048
2871
2158
1383
2727
93
2944
2202
2718
2151
2743
2379
28
1808
1673
1811
1658
409
1640
1669
1112
2502
1197
1273
1955
1760
2948
2395
28
40
1127
516
2548
244
64
1478
1111
764
2915
1501
2604
918
767
2317
1666
860
1468
72
1479
1472
1882
2370
955
1373
109
291
1354
108
2227
2020
865
1970
902
1778
1897
156
142
2585
273
1273
1871
2621
1352
2458
156
1517
1293
2882
656
993
1050
1766
2099
223
1977
1294
361
2901
1260
1204
2514
1847
2601
708
947
2849
304
1566
2675
2023
84
2615
139
666
2706
1395
2175
1555
1018
2763
2212
1203
622
1995
1295
145
375
862
2035
1265
2119
289
1009
1430
1954
2972
1934
1461
2736
37
2076
2746
300
1369
2638
1541
1764
1959
1042
1010
224
2582
838
1798
2715
2585
2897
1891
2283
32
760
521
1586
786
1834
1553
2218
1507
1073
788
2051
719
1993
2425
1396
449
845
2835
2918
2483
951
1115
336
2122
943
2260
1315
2968
786
2073
818
1514
605
1475
1572
2022
2351
2302
1252
970
1930
26
2594
341
2596
671
1174
1175
436
2513
697
32
1468
2613
2824
958
2432
1402
750
1311
1724
501
968
2487
462
995
2907
1430
2563
423
368
2824
1381
1241
2812
513
1225
1512
1317
738
1677
2685
1103
2485
837
1804
2531
1382
600
507
2299
851
183
863
2500
1349
1524
1863
1505
2266
239
804
2982
2927
2452
766
800
178
1876
2410
1736
1507
1415
2121
2597
145
1529
1841
2137
1097
385
507
493
1957
1917
1973
1547
1381
2309
492
2888
2827
788
2865
1500
2712
602
2519
44
2463
2114
2560
2756
165
2289
1980
1536
2415
1257
1937
779
138
924
2294
1367
2257
1469
392
2657
859
1172
2245
2206
632
1479
1682
1350
1854
2199
552
1923
2589
8
543
1084
965
2061
1291
2562
1340
2865
1231
806
2197
504
946
2773
2354
1634
2308
1026
1163
266
415
1057
17
2730
1173
2252
2597
1634
2518
2003
2024
509
1042
1541
2665
484
2690
2829
1843
319
2062
2492
177
286
776
1345
1667
43
1426
2947
1071
2928
1237
2838
375
2597
1426
1082
2156
2189
1321
728
558
1939
2340
155
2953
2606
829
1899
1053
265
203
2049
1309
319
1802
661
1864
1730
2894
2777
1041
1782
967
2164
2108
138
1917
1221
2970
63
579
587
2126
2604
1572
99
983
2082
809
1642
1934
465
1929
1580
953
2014
597
2277
2691
6
1191
1840
1663
651
465
987
1831
2091
1982
452
1608
2925
558
746
97
1358
1748
2340
47
1006
1958
680
214
302
959
115
127
2615
2310
1150
2626
526
198
2028
1160
246
1747
1419
2890
1921
1213
1868
521
2324
1282
2835
835
1021
160
2476
397
2452
440
2754
2497
1624
1587
2958
1603
1699
1320
1468
1072
1175
2797
2009
1350
1748
924
1711
783
615
2275
783
1269
865
509
2311
2291
75
1603
2364
1479
2211
1119
1933
857
2961
222
710
14
577
1868
1676
2166
1083
1605
954
260
1107
1122
2401
10
451
1805
191
2259
944
1884
596
1387
1686
1268
1207
1569
2368
554
397
1346
1693
1431
1521
323
1614
2210
1056
524
2558
2811
2478
248
2512
782
804
1883
206
2753
1639
415
2888
2696
1406
137
2431
2628
420
686
2042
2544
493
2320
1592
732
1622
2175
175
2020
1582
527
12
1946
1325
1346
1648
2943
736
376
1776
1863
308
2920
1311
1533
1130
722
2041
18
2125
1540
1754
1907
1441
647
1444
166
1533
1233
2708
1465
816
1907
1694
945
18
347
889
947
43
2865
2265
322
718
1568
1062
1659
827
1212
991
775
422
2370
1001
1893
2939
705
1866
2898
1518
1348
2028
1106
1352
1420
1386
596
183
625
2691
183
2249
2987
2346
651
516
1069
411
1471
2602
434
1099
2195
974
2107
121
1839
1700
1747
1692
796
2627
1327
1951
2318
1239
91
1514
1724
1074
2404
2377
115
241
1760
409
1979
2018
2838
1607
693
1510
582
1577
1465
2169
1386
784
2077
1356
2520
2116
1279
2720
1882
852
1318
2937
1471
1814
712
87
2043
705
533
1094
202
2494
1532
1516
1915
2924
2374
2823
678
919
2201
2999
558
455
17
1800
1459
2881
1672
1123
251
2800
511
1754
2220
616
2843
1251
628
1803
2090
2115
238
1509
1870
583
2148
2140
1258
391
744
1862
502
1507
1827
1297
2800
2396
1564
36
604
2628
2991
2457
697
1908
337
2271
1104
1223
1249
1948
1958
401
1515
2580
2215
1701
2043
1330
651
2882
872
440
2960
1990
2408
139
2736
87
1428
2866
741
2104
1338
1849
1127
1118
2069
1660
72
2849
2937
2426
454
1677
212
2931
2051
1673
2531
319
2389
2224
2079
357
1442
2494
2881
1183
1385
1235
1175
620
2968
1525
1214
704
2785
2499
688
1196
289
69
895
2120
2925
2796
1081
1295
80
1880
213
1924
778
2096
116
1498
1812
79
594
1902
1262
1411
1274
1147
581
1013
821
2380
555
999
1544
1764
2261
919
2117
1546
2414
2956
2504
467
1511
2003
270
395
187
462
761
54
2519
1314
951
1426
2264
1139
2759
1284
1560
2172
1515
2601
746
1983
2124
717
1086
2695
2805
177
1661
2133
2491
2875
287
912
2308
2439
58
2692
1888
888
2708
773
2440
1593
207
1292
2569
1122
2258
952
2969
2952
1403
1183
2597
2672
2045
1567
2053
2464
2809
2161
2571
2604
1195
884
337
180
323
2291
161
1475
651
259
270
2753
848
2624
542
1613
1058
1273
490
1332
778
175
1292
1110
178
2010
404
657
423
1315
2502
2131
2698
626
129
2404
1456
2420
1082
1808
2532
1590
2446
256
1930
1066
891
2987
2689
1441
1084
700
1827
1719
574
1407
1250
1476
1383
33
2591
1089
2507
321
1248
600
1458
2579
1833
2262
713
1388
1337
2156
2572
492
16
654
2713
1967
818
2014
1408
530
479
678
1151
913
2292
1133
2773
2986
2098
2260
2812
1971
1725
2850
1071
1942
2887
210
2005
167
1872
9
126
463
736
1136
2470
1483
1869
1136
2178
92
842
2024
915
1087
2941
1357
1796
2202
2789
731
2550
463
2506
1031
1882
2297
1195
2844
2468
2431
1426
997
165
82
1614
2474
174
1056
694
1796
2558
2742
1542
1888
2528
2828
1866
1731
2320
1803
251
2112
2968
935
2259
997
465
2168
2433
2789
244
93
72
2368
2323
2225
527
2950
58
2979
1147
2876
588
2387
1127
1428
1887
2579
1498
557
669
675
767
1056
2523
1436
2206
642
90
792
333
698
1564
2349
2361
2787
1948
2856
2174
1616
295
617
2172
387
2334
719
940
437
810
2474
321
1799
2371
764
1001
2795
59
2397
167
800
2387
41
1277
1312
1406
826
2981
463
144
1480
813
30
1770
2658
303
2021
1922
645
1709
1025
599
2946
1022
1610
93
377
1267
1682
2767
2230
922
789
1124
1619
1790
2612
2892
1209
1516
891
1721
1567
618
2360
2922
2312
2883
1507
2776
1000
1750
852
1
1516
1665
1203
499
91
2533
1913
980
1016
1990
1504
2714
283
900
1579
2474
2029
2939
2066
1087
1703
769
361
262
1898
2702
1833
1000
1883
1261
439
680
2716
953
2846
1437
2855
2953
887
1454
2713
1863
1014
1612
1080
926
2160
1708
2288
2943
2901
1986
2559
551
937
734
357
1090
455
592
463
2899
1498
2603
279
287
2039
906
352
2123
2099
1709
2347
1994
2288
106
2129
78
1484
2046
2559
2428
982
2935
2741
1268
2689
1311
2879
1092
83
812
2772
2342
1641
2022
2934
2448
224
1637
2398
234
870
2116
1822
2227
1044
1932
2601
388
2505
2316
2177
1662
953
1522
1422
2289
1582
2753
1589
326
654
525
992
130
975
1053
702
2563
1133
441
1298
1531
1244
2150
1938
1777
1279
985
568
1211
1496
162
287
2085
1667
1619
562
1593
1837
2670
2225
913
2557
2006
2389
1533
198
1663
1089
493
2720
2841
2436
800
2910
1604
772
540
2429
1349
127
2571
856
2379
227
1946
2662
1507
1937
884
428
1250
1362
947
1270
2160
2484
2031
2361
261
928
1943
2730
2668
129
3
172
1749
1598
2089
1475
2875
213
702
1816
1522
1580
2628
179
1890
1087
157
1302
1954
864
1750
979
1733
2408
784
2312
1814
975
29
913
2492
18
710
1216
2481
2249
1515
493
420
1462
1692
333
380
946
692
2894
1001
324
2795
415
2476
592
2633
943
2910
2997
2482
2222
12
2306
894
2536
1230
2572
2039
1546
1898
472
2927
2576
1549
2214
1314
1142
10
874
1404
1329
649
1787
307
1501
641
2569
2938
1029
1572
417
1943
584
1339
622
1654
2498
919
2061
1157
1576
736
2214
91
1128
207
1993
217
1602
2869
2019
1742
2709
395
1426
2896
1710
733
2819
231
2628
2317
125
1855
1346
2607
2554
1451
2834
2341
1177
2270
1805
141
1961
1306
1408
2326
765
2009
1364
2370
872
907
931
1552
2513
1121
2458
1239
1831
2762
2919
2281
2090
700
1845
330
1700
1408
359
2335
495
856
452
351
1676
2632
2190
1996
206
535
1368
871
2116
21
869
2164
380
348
689
523
2803
2152
2547
637
2370
2497
1234
323
1511
1105
81
1124
742
1344
2927
623
1262
2763
798
384
882
1737
975
906
638
564
2647
2560
820
980
1004
2079
2884
844
1016
2793
581
874
2977
54
2915
2466
1086
492
2491
1613
1224
1277
2271
2817
21
2645
148
2421
1172
367
1600
735
1490
2573
1249
452
1300
374
2223
2089
1579
618
1352
211
1634
2256
2302
1193
1924
1331
1667
1689
315
2497
1240
2180
1916
1724
1586
1628
2621
2040
2405
1956
273
2811
1645
2269
100
2665
964
408
564
2643
2385
1279
840
2630
1059
897
2345
2829
1790
1985
1609
2452
1647
1899
807
2057
2273
2029
165
2385
1935
2560
1247
1685
1329
1579
1644
529
2719
2441
157
1364
1035
1240
1033
2478
744
351
2318
1011
2814
2293
537
1498
999
90
446
190
177
852
1866
928
2031
2195
2976
2902
2734
1689
2497
1057
394
1527
2670
696
986
2144
1785
2172
2094
1466
2570
463
1591
802
2402
1443
893
2758
1193
