634
676
348
886
842
197
440
111
954
44
131
560
883
438
784
193
407
841
339
891
665
574
231
867
393
103
430
863
144
819
711
854
992
154
61
74
788
472
948
995
368
517
838
478
362
208
731
371
947
504
882
880
790
268
786
445
948
211
1
301
860
366
783
96
726
523
479
455
31
176
573
666
624
65
521
788
496
695
802
597
567
347
929
132
424
668
829
891
219
115
819
668
68
893
635
775
481
724
254
911
674
480
703
18
628
630
688
907
373
971
607
939
285
516
220
998
539
680
641
915
618
964
659
2
997
417
47
707
453
275
932
20
861
808
650
714
986
283
446
786
446
473
434
104
622
855
508
284
887
738
169
108
337
748
178
319
758
912
218
501
922
260
919
118
310
693
967
759
213
967
74
135
805
949
717
366
625
554
455
461
423
868
531
748
750
884
52
347
87
956
181
65
292
633
845
276
974
891
27
62
476
482
613
420
449
360
233
607
108
963
444
709
215
767
629
495
340
398
287
801
760
40
299
257
317
293
893
320
847
434
940
942
54
59
343
844
479
307
281
251
628
864
140
195
220
704
945
285
928
627
824
582
156
915
143
319
505
355
854
679
721
87
746
327
260
964
564
599
260
761
603
880
841
302
736
52
474
897
359
649
891
268
914
105
405
274
398
740
236
141
253
393
969
773
261
146
676
126
23
192
845
421
602
708
434
336
818
414
211
879
177
80
811
59
966
852
313
441
379
765
771
386
24
224
102
508
387
154
689
784
315
913
446
478
913
270
816
674
334
867
873
724
864
917
397
4
676
78
439
156
173
728
516
298
228
474
676
830
71
353
764
782
679
404
350
812
545
733
667
180
356
379
578
815
71
295
310
730
39
608
338
964
992
870
439
544
529
92
637
189
960
620
700
532
362
331
853
305
137
516
304
607
764
223
234
470
682
576
417
634
499
222
179
479
922
626
227
183
296
227
100
322
290
479
901
385
825
59
973
69
534
426
499
861
49
812
366
372
917
498
830
178
995
947
627
181
269
871
813
453
258
821
740
919
853
750
203
636
446
703
63
455
733
549
306
646
537
184
92
769
972
469
18
667
313
508
318
970
785
683
639
669
473
702
648
559
587
58
34
825
434
794
792
204
643
821
825
375
25
89
588
190
817
909
574
503
325
54
574
577
576
598
742
720
443
889
646
507
300
302
271
281
544
186
597
388
521
229
900
324
634
967
775
915
95
257
222
370
7
69
718
907
44
895
375
833
604
276
56
945
100
837
113
986
371
436
557
832
925
280
761
51
746
224
76
760
729
647
312
889
583
487
249
590
615
194
681
623
175
46
703
360
519
583
93
307
260
670
517
362
429
150
595
578
32
282
85
265
173
752
277
173
434
114
673
852
950
607
687
332
624
794
636
261
987
671
10
700
926
246
13
120
232
659
81
405
55
187
322
863
437
908
135
61
465
588
481
855
462
764
635
820
723
301
941
745
460
543
471
447
504
520
654
561
220
320
703
72
165
383
653
762
811
944
36
278
828
679
20
460
412
17
532
786
243
648
745
421
88
59
60
343
381
502
248
677
482
558
808
702
199
945
121
734
191
185
321
569
881
821
889
993
973
249
110
294
39
401
681
705
141
868
685
165
285
819
711
548
953
547
958
248
507
637
689
132
608
920
69
104
411
713
668
167
956
29
958
607
253
210
842
991
866
558
732
421
899
428
677
78
603
852
956
344
467
707
152
7
843
836
800
983
299
478
255
65
247
541
946
570
827
162
114
207
533
927
308
515
733
621
430
743
228
863
941
322
277
808
157
295
72
648
862
194
983
358
40
884
22
865
38
331
178
842
985
112
993
819
639
1
67
215
273
471
84
492
236
785
269
154
22
571
909
161
682
886
394
590
870
475
624
486
928
441
426
736
655
636
401
322
297
368
681
986
18
819
549
973
149
5
464
252
470
844
490
980
440
603
80
216
331
977
250
718
644
457
389
652
220
89
649
99
28
33
484
658
373
390
685
15
607
382
562
914
424
220
904
450
240
821
86
898
143
893
469
497
847
596
721
287
19
301
836
784
950
207
707
845
818
733
393
568
827
557
245
830
486
653
447
987
681
521
50
61
233
141
323
414
463
612
509
848
298
832
834
574
233
652
103
36
584
497
802
267
992
331
233
544
54
610
129
339
950
101
734
210
949
901
929
610
182
944
333
200
271
33
347
876
835
517
372
252
105
16
439
691
62
835
454
155
853
950
103
826
116
498
999
613
173
696
740
96
607
952
852
396
631
476
788
281
