1271
892
3755
1307
815
2803
4089
2408
1146
3691
3382
766
1773
2565
3507
309
1724
2032
1678
37
1308
3521
4374
1804
1131
1198
3897
3389
4598
551
1254
703
425
1566
1100
3058
105
1615
1571
3421
4284
4683
233
3368
2801
1097
4213
4632
4757
2481
2740
2091
1210
1509
3874
4793
4148
3078
3391
3853
1536
1709
1316
2249
4585
4916
118
2490
2784
4272
51
3484
2455
1483
825
2860
3183
3263
4667
1008
2828
2266
357
1263
3647
3206
2240
2263
4177
3503
3543
2501
2610
504
1345
894
2373
4857
3104
4588
1179
1415
2119
4773
809
2304
2266
1780
3065
1554
1927
1183
170
3037
1984
1652
4559
1871
4325
4435
3394
2349
3678
542
4370
1818
159
216
3355
2188
1580
4982
1373
2048
2060
1240
1954
3656
2302
3799
4494
183
3146
856
4606
1894
2148
2468
2776
4018
2981
139
4718
550
1359
4956
3046
4721
3705
2116
2190
1195
3982
2600
2006
1162
3886
3733
3813
885
3957
3873
1430
4465
2545
4322
2687
4834
3552
3246
588
55
3165
2424
1262
3608
3009
337
2864
3141
916
1677
2173
4984
2768
2596
2495
2172
3367
1852
4948
618
1892
4810
3332
2911
4127
2880
156
3331
3452
3242
2192
1633
4273
1755
4549
3447
2813
3887
2233
3046
729
1173
524
3139
339
685
1786
521
2341
1053
4350
186
4582
4012
1987
763
1485
4047
703
761
1931
1530
3455
4709
2731
4267
2764
107
4784
437
1444
312
2924
260
2217
2339
1481
1481
2593
3374
4099
1793
3316
2637
3351
2502
3892
2033
756
2622
1567
3646
3835
267
4426
3619
3074
2415
3250
1861
2474
1865
1688
3010
3035
2943
1762
2990
2676
1545
3774
4030
2701
2765
3599
728
2687
1116
3034
3243
1548
563
1155
3118
4570
798
2192
1926
1671
1200
3686
3113
1161
4356
3881
4339
2662
4278
2476
4350
4765
4063
406
3809
1159
328
1166
2150
2147
806
4276
3731
2309
2157
4195
2459
4991
295
2895
1545
983
4369
1690
3
314
3646
1729
155
825
3617
310
3586
3623
3711
979
2105
4923
3104
2252
4588
3196
41
4805
35
4257
3596
3108
2621
2951
816
2768
396
965
4438
2758
4459
608
3840
414
1161
3177
3279
1147
2811
1608
2850
4584
3213
4687
1269
3722
1982
496
1481
506
484
1104
961
1055
1590
1942
1772
414
304
2055
3648
991
2501
522
3185
4626
2774
2685
2313
2221
2769
998
4267
52
4744
1214
4403
1812
3501
4338
1373
1551
2500
285
1782
983
2671
2960
4131
4241
4001
4536
357
818
4697
2508
4057
283
3026
4885
3791
2715
1051
1959
1829
4230
4261
2407
3075
3962
4009
1174
4852
2000
1263
4000
194
4043
4699
3035
576
2029
582
1349
1581
3575
4419
4352
3789
4106
3537
1010
2319
3830
3408
1516
2416
3584
3718
374
250
4878
1629
1508
523
144
3004
353
286
722
1867
775
181
4286
809
4991
324
312
2934
4676
3717
3952
3304
1471
2563
2216
1174
420
4461
1844
113
1859
4258
374
3254
572
4426
1219
2182
2769
267
1187
4126
1676
700
2969
4107
4365
539
3248
2804
4473
466
4575
3083
2864
3440
4742
4341
252
2497
2393
3188
3397
2140
810
3533
4348
166
1174
1111
4285
318
4346
1411
2361
2177
2314
3155
1554
478
4366
58
3059
1065
2371
698
1880
4216
3921
698
2195
4309
3581
3643
2813
3312
4608
2797
3156
4549
2826
4560
3547
1602
152
1790
849
1180
3474
3476
3777
4504
3418
1924
873
1295
1740
463
2070
1245
3394
4795
2934
2617
1440
4270
2575
1154
2234
166
1162
2929
200
2841
3875
4761
581
213
1420
1108
644
4818
3360
3335
2470
55
3963
3159
2433
4220
199
2039
3804
3459
3235
904
653
1608
4354
3235
2545
1475
837
1970
393
1236
677
2353
169
2122
2750
593
3937
4783
3997
2817
4450
2541
4986
3696
4619
20
4980
3272
3507
1824
2716
3878
990
2314
2773
938
1057
3086
1589
4292
4379
2013
865
61
1622
4299
4086
1275
558
4389
3400
3605
3726
2841
2625
4906
2944
1612
3444
4856
3456
1360
1000
887
4903
1225
981
1634
1755
3073
766
3225
4016
3701
653
549
802
3145
847
3171
530
1098
4053
3447
1330
2232
1270
4294
968
1431
400
1729
1988
3737
27
3558
3260
3442
2173
4642
763
1750
4210
4122
4389
3875
125
4697
863
2202
9
716
4880
2172
1422
481
3238
2962
4907
1097
1047
581
4762
2715
2957
2805
2019
3445
3036
1393
1355
4074
2977
818
2837
468
2076
2070
3297
3950
4915
4765
3701
2223
1870
2369
4064
1223
4418
1929
376
1011
2163
3655
1824
3874
4056
4964
4610
53
2830
2484
2810
3476
2101
3426
3654
4509
772
1742
3941
3188
2098
1720
3052
1005
4453
4109
2590
4291
2134
1401
4607
424
214
1276
1812
1530
3705
1389
3472
4521
3020
4030
2929
4724
2003
424
1940
2333
178
2637
1580
1772
65
2280
184
1064
1674
1139
2545
1139
3116
1531
4478
1828
1739
859
724
3145
4897
1091
2593
2378
4931
419
3809
2576
4553
4874
1968
3328
4607
4209
1178
1793
4072
3142
4540
662
3228
1631
182
4270
260
1500
4789
393
2558
4145
3435
994
555
2668
2696
1966
156
3581
191
3097
2661
2639
3400
3159
4871
4872
1431
484
4278
757
3017
3665
389
4751
4693
1735
112
3634
3121
217
3779
798
2917
1484
756
2639
611
2663
1005
315
1814
1739
164
503
3481
4579
384
843
3518
4017
3110
3882
932
3779
3641
4828
569
2751
284
3031
3014
2579
4434
121
1690
4391
433
1242
527
1553
4568
1772
3673
3574
4522
186
4520
172
2387
290
920
425
1780
1775
3982
4257
4823
4624
2872
1336
1104
1597
4600
1309
4657
2224
359
3295
1478
2628
859
748
4414
4743
2847
2534
3142
2471
4700
1976
2994
4108
2542
4139
4393
1009
4798
1729
3682
2668
2355
182
2731
3133
2820
4105
3772
1242
4741
989
2948
856
3722
2241
2248
2796
1488
3291
4880
765
3835
1328
3633
3101
2676
1663
560
3479
2926
259
4455
2379
2149
246
4087
2333
3391
2398
4535
2548
1776
4615
1186
1572
1544
1676
727
169
380
4939
1351
1795
3960
67
1011
4172
3672
1528
4201
4443
3104
3927
117
4846
1361
4925
1218
772
4679
3327
1277
4372
2753
4804
1366
1602
4621
392
290
1913
1518
3310
1107
218
4000
168
765
999
3601
4132
4896
4333
2707
3649
287
4063
775
594
1594
2526
4743
3222
4557
4691
2634
2503
335
1576
4619
2604
4984
4552
4418
500
2636
3425
3538
1286
3335
169
2527
394
295
33
2078
1986
958
1104
371
2977
307
877
2644
2534
4018
1359
936
4060
863
3494
3569
415
2850
1695
1584
2543
2362
4176
2712
2334
207
3973
4881
1940
3298
690
4321
3341
4941
696
536
3644
3098
2491
2244
3952
1794
51
4128
4805
4589
2356
4602
2837
1950
1412
2339
1871
238
1165
4950
1074
2029
536
749
3630
2010
4303
2682
32
4165
1045
39
2503
923
1740
4124
3018
4239
2427
3754
2655
3981
2159
2266
182
946
2763
4791
4236
1449
2359
1800
432
4711
848
641
237
3022
3925
3562
1952
2707
3956
1669
601
3943
2284
140
4725
2799
4372
2659
3944
1781
453
2388
723
4383
1012
1815
2669
853
2384
1364
1589
213
3832
3284
530
4297
4636
1527
4810
3310
103
4913
4767
1393
1247
1630
661
358
2443
1619
1795
1497
4505
43
4873
3021
3007
3343
1369
553
2348
2358
287
2750
2052
2057
349
555
1358
1166
3770
2076
679
43
2801
3972
4119
3988
4028
368
1543
4475
1711
2922
4305
1294
4303
3454
4596
2858
540
4976
3177
4342
2395
1388
2295
1705
278
1334
1297
666
1916
2031
2669
4061
2479
1792
2395
632
4575
2237
644
3255
3100
4786
3545
1588
2995
3917
1074
4536
2326
537
2558
1187
1617
1921
3506
1752
2079
3239
3202
68
2357
619
4997
3144
596
1565
2408
2920
170
1754
2513
4954
432
4978
1325
26
1636
622
2824
4115
651
3729
2778
3528
3479
1418
4630
1725
3009
175
1215
1712
1058
2295
3185
3667
4617
3211
2001
3405
626
4503
2040
1783
448
1801
4032
4519
2797
4485
2362
2371
3733
1678
2230
178
3940
3138
395
270
1636
3759
3878
4484
1564
2895
1055
1430
366
816
1355
2977
751
2305
3586
3478
1874
3831
2435
836
4073
915
1860
1310
2402
2611
3457
1441
1286
4157
3142
1445
3192
1755
1398
2762
492
2361
4610
1355
2701
2704
4609
2845
1900
4081
496
4220
4633
1951
4579
3950
1783
4844
2990
4694
2228
4775
3936
4166
2363
4414
3302
2699
1432
869
4657
928
4630
2278
531
3663
4883
1553
3901
4654
2288
4369
4440
1229
546
2217
1919
4725
2356
368
4985
815
2990
2066
110
3840
3680
720
2363
3217
3055
1392
905
1489
2442
1895
261
3003
646
431
2506
3065
995
3563
3626
2466
1541
3035
51
1796
3190
4287
3872
2035
2259
4275
1587
4087
3608
4429
765
3725
2557
1843
1636
2693
4543
501
4064
705
2033
2672
538
3510
3802
1629
2996
4347
4291
575
843
508
2260
2967
2950
278
4167
3730
1307
3651
3308
3614
3367
3957
3920
1094
20
4435
1282
433
1585
241
2794
778
784
3369
2967
434
3970
3571
3466
2944
3459
746
4963
1925
2121
4052
3154
3899
4097
3141
4900
2647
1792
3533
4497
3240
1721
2167
4992
2849
4496
226
2554
2984
4043
3122
3616
4229
2118
3918
4761
4116
4972
681
318
292
28
2008
4132
3248
2018
3430
1966
3589
4854
4994
4170
2394
4657
4895
87
2674
2182
1985
716
4719
2005
3994
1412
3381
3820
3674
3521
3812
541
4086
1434
4836
3521
4841
3764
1357
3527
1472
1146
1221
1256
3286
127
1754
4161
1609
4036
1894
1076
1929
4823
1918
1206
24
3425
955
3290
4494
1014
799
2658
1221
2277
378
2875
4384
3592
3384
1816
2742
1700
3930
3317
1648
3835
2057
3317
1341
4710
3901
1297
1048
4983
2172
1522
1249
1629
4207
243
1569
3354
271
934
4102
1506
3732
4877
3887
2063
1554
4538
1576
704
887
3265
2579
1673
3355
2516
1950
1092
1661
1305
924
4263
1181
3934
3401
626
1643
3308
179
113
3605
3378
2321
1193
900
3717
907
2103
2180
2926
1178
4976
46
3870
489
1979
469
1621
1421
4701
2218
1879
4560
1422
2618
2908
4150
1744
944
4894
3491
3822
741
56
1073
4620
1587
4030
1512
1381
303
3398
2356
106
1962
3165
4398
3803
4092
1445
3847
1845
3003
1656
3264
2855
3383
2410
3908
3255
4068
3693
3759
1215
768
905
2251
1317
3866
4392
2946
4820
3865
3784
3286
1084
2289
1303
473
4073
2821
2156
4647
4393
2387
1417
4242
2608
4494
3619
2484
1960
3773
3616
1886
1829
2840
2019
3335
3781
4540
4280
1008
2246
4026
4758
2889
3910
4768
2673
4299
765
3849
438
1623
4096
1399
4784
2313
984
2233
4558
1040
4609
4024
839
4813
4604
1514
4792
2938
1333
2766
3636
2508
3184
386
3734
4707
3874
896
3749
3467
2777
2449
1753
30
2757
2303
204
4285
3544
833
547
2073
2271
74
1560
4385
1192
224
612
4424
155
4652
4696
4504
413
260
4937
798
1067
3301
4314
1824
1754
3439
425
2721
3954
3797
1386
2493
4603
4996
4275
3496
786
1687
2618
427
1614
285
4694
2660
2181
2279
840
403
4732
2342
3868
2781
3692
1578
2636
1660
2733
1412
4562
3473
3551
1155
2333
1161
3417
3603
4037
4181
2561
4220
854
4102
1828
2303
2127
1190
2237
2030
3165
2395
444
4741
3679
3580
4904
1155
309
2134
3278
1311
1746
2669
2806
51
827
202
448
2893
3514
3972
351
54
2360
3611
577
3328
3478
153
1664
695
269
408
236
206
3891
3309
3908
1959
1345
3732
3677
4213
3549
4473
3424
4745
2211
3245
4182
2410
2251
2541
1585
106
4476
2481
4547
893
1598
501
966
737
401
2271
2337
929
1217
152
2387
4123
3328
2815
3023
598
735
4047
2094
3372
4989
3829
1871
4125
3675
2642
1462
2668
4810
2024
2434
4256
4592
2867
4919
1698
27
1794
4481
463
3058
4743
1940
1824
497
4678
844
3679
2118
61
4597
2870
1613
2482
4157
3822
3070
4888
3714
908
1202
636
2744
2958
4063
2960
147
1707
263
3485
1516
1803
4591
4139
2447
441
4040
3732
4852
4070
463
4529
1567
3665
2057
1651
3402
3031
4584
3866
4888
3539
2419
3678
4998
4454
580
2561
3124
2285
3715
2095
3507
3570
3384
2298
4921
1741
4881
361
1839
368
3198
4051
4216
1589
465
337
1168
1299
2390
2180
388
1150
3640
3672
1141
3939
3188
2106
1467
2201
3272
950
2645
3304
4039
4098
3881
342
3553
4950
1853
3988
556
2820
3970
1434
3168
3012
4232
1439
3004
3033
3928
104
4180
772
3476
990
1852
1813
235
772
4072
14
340
2961
3901
2913
3786
1529
3439
655
3650
4570
274
591
3028
831
709
784
2795
2843
1665
572
3477
4516
4656
1748
1246
567
2427
1485
1431
1614
4939
2747
4026
4019
1317
4303
4319
417
3110
4067
4770
4587
448
3646
373
1943
1287
3711
881
4057
1817
4045
813
3432
1920
429
2559
65
4751
4332
3579
1121
4371
1302
2201
3492
2388
2506
27
4975
1204
3190
2848
1066
561
2155
84
1788
4694
210
4759
847
1304
387
4242
1113
4599
3833
4733
1652
3187
3613
673
3957
1848
259
831
1178
435
2661
442
3583
2702
4827
308
487
912
812
4033
3447
4816
1747
3307
2278
4892
3999
1151
2020
1968
3770
4208
4233
96
3609
1871
2748
4406
1301
2605
4392
1656
1635
1247
4460
234
4537
2384
3272
4484
495
4488
4267
4800
79
96
29
3762
3835
3729
2314
761
1713
4128
1874
1879
3338
3088
1991
386
799
2745
1063
2614
2443
4952
3802
2909
4042
2585
3294
1570
2611
4771
881
3776
4609
490
4033
1686
2421
1134
3634
1563
1002
674
476
165
4361
1626
720
4639
4813
4536
516
1004
3407
475
4436
2030
2462
2455
4459
3522
1033
3019
285
4151
866
3536
4682
397
407
1956
4747
1039
446
4509
3583
2883
2924
291
4274
3406
924
4783
1606
2596
3400
1052
3234
689
4486
379
3167
4555
2008
4383
2463
838
2381
88
2202
2743
1573
240
2510
3772
3076
4796
4112
4315
4725
3455
4238
1661
239
1149
2118
2303
2888
2698
1829
229
2837
3057
859
3417
3344
1436
4210
101
317
3547
3357
2317
2701
833
369
1260
2828
2164
327
2419
4362
1720
2016
195
3449
259
2233
4671
3474
371
229
1488
560
1887
2240
3861
400
2328
1941
181
1366
985
4206
2969
2085
2539
4031
1970
1820
1757
1325
1487
332
122
1319
2026
2792
2720
1651
4403
3316
1352
1502
2731
3877
2221
3484
477
2763
3980
4264
4683
4271
3076
1676
4823
4435
3818
892
1534
540
1266
4984
1291
2113
4494
3762
2826
836
1195
2265
1610
3483
2343
2073
2568
4481
1611
855
4345
3977
4866
3940
4789
489
3637
884
518
545
2287
430
3779
4232
1119
4790
557
273
569
1893
1555
1384
262
4515
3946
739
3601
4740
1479
1942
3060
4174
3336
506
4781
2399
1124
1795
131
3413
3522
3981
2220
3165
4763
1308
3284
2700
2749
1271
933
4361
3269
1224
2978
923
495
440
1911
2007
2625
907
559
4796
455
1862
2104
2366
4313
3
3485
4366
1982
1869
2377
1182
2727
1064
1387
4345
2102
4925
1667
4473
557
1675
3589
4126
1628
1546
1605
1863
2459
525
4715
2984
2196
1296
989
115
311
117
2099
4412
3963
1824
2828
3971
2788
3551
1709
56
2914
4938
449
78
3639
3982
3050
2909
2604
3530
3929
3177
1778
4370
1215
1559
1676
271
3795
1213
2179
199
835
2441
1629
360
3561
4925
1637
2042
2639
3513
3591
1930
712
1908
1468
1750
240
1031
858
4258
1510
4294
2611
1604
3947
3809
2789
319
2658
1519
4348
2767
2991
4987
2096
3679
1831
2909
757
107
4307
2285
3510
663
3902
4285
3317
867
4489
257
3600
4424
2018
793
339
4553
4586
2317
1309
720
2486
1539
3069
64
4940
4395
2259
1127
4390
4879
1683
1345
2216
2177
1530
988
1455
2342
3288
2353
2519
3392
1235
4814
4931
40
4858
4675
2511
1701
152
1838
175
3976
295
2226
1262
3212
297
1191
1015
1172
4838
2286
1531
2500
339
2559
3754
1985
3078
3555
906
3691
1011
2578
1936
606
4271
3812
1184
593
497
2579
3162
392
602
4145
683
944
4869
3987
4419
2452
1110
1024
2586
3635
2840
1260
258
1053
4201
459
3241
1092
1199
91
3881
4166
3598
187
2541
3084
2186
4254
93
1523
3989
4089
3836
3994
4677
1736
4752
3284
467
96
1558
922
1908
2090
1962
1070
3249
2054
4358
3984
1025
1159
1247
3553
1475
2997
1519
1539
3763
2690
4307
5
2193
1226
4660
4739
1840
2526
235
1299
3578
125
1853
2512
4615
2555
3904
2447
2502
4331
925
2148
2036
2687
1080
4445
3115
2931
1171
2576
1050
4496
2748
267
1681
3451
2207
2642
790
895
3633
3968
2191
1416
2524
3611
3339
1863
1100
2931
3617
1740
1784
895
689
2910
2948
1832
3835
4978
690
1123
1109
892
2584
2825
4666
4450
894
3010
2749
196
1120
948
1682
1346
2307
3944
2985
1263
3728
4244
4679
3858
2272
1205
123
2043
3975
545
4749
1654
3038
1898
3368
2068
4619
2172
3435
4452
3667
3103
3506
2189
4129
4839
3340
4772
2280
2143
1325
2737
2278
1505
1005
4626
3803
3069
1799
4157
4677
4307
2094
4187
874
2801
2355
4893
1351
1689
1767
3987
949
4403
1703
3768
1524
1075
4536
1781
2481
4423
2727
1107
4929
4511
3754
2984
726
4053
4955
4614
676
2193
3182
3420
1276
3568
687
3384
799
2795
4730
1110
2240
517
4029
2160
4640
2484
2747
3697
2678
4254
3174
4305
3589
1617
72
4176
3363
1874
399
1462
1538
2214
4566
4008
556
3800
4044
4532
419
674
615
1709
376
4956
260
1819
377
4809
4146
2102
791
3681
1506
740
1971
1130
133
263
367
1960
1328
3452
4230
3431
949
3627
1708
1337
551
142
1100
662
546
883
248
249
2680
1745
2858
2046
1054
4690
2572
3644
4122
505
4973
725
3592
3528
56
1932
1320
1865
3068
2409
2671
3091
147
1494
1879
17
4858
2341
3727
2676
2239
2366
3894
3592
696
4273
3691
4415
4393
3034
2779
4820
4692
1982
1727
4994
2117
2838
2726
1420
2385
3175
4189
4276
3610
873
1471
2031
3351
1915
2073
912
1087
4785
895
4314
3395
4591
2628
3818
3244
946
921
3264
3891
4508
1158
1078
1481
4292
3341
780
3535
3523
5000
2118
3179
1297
1208
3145
4373
4736
1316
4422
4314
438
4044
2297
4810
2089
607
517
355
4968
2841
305
2033
3105
4204
3154
3496
3627
2692
1674
3887
1392
35
1996
3297
1039
1209
898
572
1134
1417
624
4725
1908
763
4535
2405
784
4815
2481
4722
1831
4562
3981
4569
2258
1814
4064
4801
407
2883
382
947
399
2978
2650
4735
4949
3233
4027
1087
4038
2604
1395
3813
104
945
4806
521
1694
1139
2142
4550
3417
2592
4457
4697
4900
2968
2065
4304
4054
4016
3847
878
306
3134
523
3692
4805
1314
4042
22
2326
515
476
2341
144
2930
3567
1056
1949
156
4856
2301
3712
4689
3141
4927
289
4641
3127
4628
1998
3036
4686
2593
4607
3271
1163
439
2062
370
494
2574
2245
836
3793
4801
2845
1030
801
2019
2488
1185
3771
3581
154
3546
631
2748
455
1744
2032
1296
3657
2268
907
1972
4623
3440
1043
1476
785
3135
2903
712
4095
3610
1453
1575
4383
1068
3653
3519
4674
1416
1137
4361
1418
729
3625
3582
3173
236
2752
4282
3391
4124
2854
2856
234
3358
302
160
4510
1688
1778
1766
2975
1463
2310
3332
2601
250
2891
4126
3200
2122
2661
1039
1497
3203
1004
4697
733
2021
3632
551
4990
2475
2115
3465
2702
3014
260
2451
4211
2683
1119
3810
268
3642
1063
3736
751
551
577
4129
3973
2496
1127
2028
2871
758
115
3041
1979
4695
2684
3675
999
4423
3691
2789
2103
3920
1272
3370
2470
3436
2277
1250
4578
351
3665
4736
1474
4672
2562
2600
4777
240
2140
1337
1357
930
2316
2881
2086
2522
2474
1182
2588
4991
1271
3409
464
1891
3437
194
1274
587
693
675
1076
2226
565
4059
31
4401
464
2057
4522
3813
1237
366
2094
4183
4779
312
3494
4646
4165
365
3232
3086
3661
3702
1191
1954
685
3318
137
3875
3464
4917
302
2017
328
626
765
622
2290
2418
3892
2074
2710
3132
2771
3717
1861
859
1931
2925
4027
785
3644
1941
2792
2228
3871
848
1947
4394
1199
489
2267
4552
804
3303
1131
4796
2859
1234
2746
835
1631
2357
3847
1066
3567
2467
691
4914
4765
949
1287
4887
4790
574
3125
662
2439
3140
231
1060
4962
900
3331
4831
3925
4877
883
3372
2566
1214
2701
2141
3450
1144
1838
848
2018
1967
1811
332
1713
4725
1875
265
1417
1266
243
334
2138
2617
584
3568
3827
4368
2836
433
618
1306
11
4689
1319
1441
1147
2700
2585
1209
1597
926
285
1412
739
3553
1212
4908
1022
4355
4673
4686
2571
3968
2336
264
2389
3638
3784
3986
4072
586
2832
1243
3715
44
511
759
4830
1839
4841
3064
3965
2379
1982
1200
1960
4222
3492
4494
2532
2643
696
1071
4051
1686
657
690
301
1511
1805
326
2418
602
1212
2851
2775
182
4260
2066
3593
2202
2865
986
2578
3038
2350
4533
3169
3057
114
2646
2762
3041
113
2905
2724
4397
2125
4848
3262
224
1810
2462
3487
1930
1971
1959
2323
201
3234
3088
4781
4038
394
3194
1988
4489
4530
4379
3605
3647
233
3995
3960
1179
4141
783
819
1210
4048
2319
4512
2881
880
942
2161
2737
2736
767
571
1278
4189
2872
3436
4691
4123
1608
4044
4168
2552
4044
153
3359
4456
2978
4115
613
4243
4426
2530
2631
2899
821
1349
1432
246
2070
1702
305
524
4030
4337
218
843
1061
2853
3054
4241
494
1137
2086
1052
1010
4909
1350
4969
4313
2325
409
4758
4699
2927
1298
2311
3980
357
478
747
2296
3287
1713
40
480
4929
3163
2088
39
1866
3936
1746
4225
4736
4298
1264
74
2467
639
1650
415
167
2138
1854
2719
4466
4214
1397
4848
287
3379
4091
628
3045
3442
2502
1350
2377
897
4765
2485
345
4793
2792
3721
3272
1153
4004
4850
3774
4104
2501
2055
2296
4813
2691
2012
2901
4759
2711
1633
4325
3382
102
1882
832
3106
3749
2172
2420
4062
4458
2322
2348
4232
3346
2966
4108
3179
4792
2662
2876
2127
4549
795
2236
1505
3636
264
2666
3451
4792
401
2296
3440
4052
2106
4295
3273
1638
3482
4305
3837
3144
73
3856
4258
1290
4762
874
3861
1547
2288
3427
757
4352
4198
2530
527
2781
808
4814
4591
4933
1625
1859
1852
1315
3910
3910
1558
755
2820
1038
1191
496
869
445
3990
2198
2663
3884
3633
4830
3297
1079
16
2114
762
1826
4806
1807
1002
295
4602
2750
4537
3578
2349
2342
4880
4200
2235
475
3151
3946
311
1130
1320
3667
898
3921
4357
4749
4371
2615
1581
4246
2155
3093
3229
368
4062
3011
3343
21
4134
1849
3671
2254
635
1197
151
2544
1989
4646
982
3390
1604
1310
1801
2688
4445
4844
1940
1189
1145
2619
4964
315
1602
1912
3489
799
3086
914
569
741
3191
1807
1133
2158
3374
3356
350
216
980
50
1826
4155
3303
4809
1448
4895
3382
2267
853
752
2254
2509
1650
1929
494
2908
2352
359
711
277
1595
2334
3141
2473
1513
1889
2509
49
2611
3894
4128
2068
3121
3828
2770
1818
3606
1769
2653
3139
2429
4695
2574
2024
4610
1420
3209
346
2903
3962
77
303
913
4954
1513
1260
2851
4123
1679
727
721
4798
2815
3758
2807
2471
2441
3468
2870
1559
2672
768
3307
4327
1333
3560
433
1512
3714
202
3994
728
4581
3021
762
4058
3991
959
4199
2166
1910
2534
216
4052
2328
1333
229
4094
351
3145
4956
1147
933
642
443
1670
4936
1587
1374
4560
3220
2028
4273
3835
3075
1427
1590
1387
4684
3087
3634
1890
3448
1291
955
3397
3211
2753
3857
4953
1160
1358
1754
3441
747
2513
2935
2494
838
1122
3044
3738
1560
2716
2071
2403
3205
830
4256
4108
1234
4589
3611
270
2492
715
3505
3688
1794
1783
2086
580
2376
1957
4768
4625
4258
2642
1026
3312
3998
1085
1390
4539
4076
3539
2854
2536
4177
3569
3674
4561
3346
4273
3576
3525
2917
4237
29
578
4237
691
4032
2731
189
1938
939
2788
3495
4056
633
3939
3683
3292
1336
1253
1544
2203
745
1970
3235
2187
666
3069
3509
1268
2747
2915
2232
946
4968
3317
3417
4105
1565
65
4405
20
1040
3780
2755
751
4478
3997
4156
4340
2047
646
1057
3272
3671
3430
938
4385
652
4098
4562
2936
1088
1658
4756
3318
1681
3017
1862
3727
1070
2533
3054
571
1461
933
2712
4068
1544
2353
2541
1727
3836
103
808
3358
3498
2800
1341
1817
1156
2072
4414
2877
3797
512
3678
3526
352
2824
3120
4202
1440
949
2174
2791
4590
4132
3550
492
2999
1313
3746
611
491
1488
579
542
2651
3562
3324
706
1903
3433
4220
2521
247
3035
2679
1602
3693
3124
2791
2291
996
261
314
2799
3740
1207
2617
713
54
2600
3982
2341
2022
4604
1882
2148
520
2999
3926
3076
2572
2002
2578
378
2917
172
2740
1132
3314
4321
416
4210
4261
2175
1216
953
801
1057
3902
3402
3714
3692
842
529
3240
3390
3415
4515
593
2906
716
3391
2903
1787
3500
2865
4895
3068
1858
4760
557
1663
3185
760
516
3636
2886
821
4025
3684
1297
4327
4032
1972
3531
4664
3127
1779
1201
4561
977
2821
4250
4303
2852
1659
3311
4358
481
4603
470
3573
1431
2513
2525
510
4993
4143
290
1079
2982
4237
4432
4908
2760
370
1097
4737
396
4867
4323
2260
127
836
3296
1479
3845
2953
3080
4080
2059
4624
2526
4765
2594
3622
1243
3841
1856
3008
274
4941
4406
116
3316
1254
4671
4642
372
3764
3710
761
939
320
2053
1647
1473
2135
4926
3022
4470
4931
3150
803
3809
556
2641
1039
2215
1646
1430
2036
3793
3058
902
4305
2550
3522
3259
2206
588
1319
4625
408
2156
1738
3841
1807
1748
3504
4977
1825
833
2192
2480
3402
3583
4611
3840
1270
2528
4271
1109
3831
261
2226
3727
1612
255
283
4176
804
4488
3582
2867
890
4652
2425
2397
1782
3798
1644
4619
4082
4117
430
3375
181
1779
641
4383
4653
922
2061
2120
2937
4805
1502
1478
4942
4273
1392
4872
4017
3352
392
4286
2616
880
830
3509
4096
3048
3228
340
3843
2558
4372
2231
690
2686
24
2335
3713
1709
971
3936
3593
2572
3668
4772
4899
289
288
1895
1231
1994
4762
4297
500
4271
3882
3458
1173
3553
4203
4455
1366
2724
1613
1661
72
4883
734
4477
1629
496
4582
3768
1543
3445
4122
4326
1492
3035
4636
4818
1850
1118
1141
3867
315
4189
2851
2792
1572
4351
574
2894
327
3236
1557
4304
2404
1564
1013
641
3830
3303
4595
3832
1790
1455
1497
2715
4097
3952
4395
4286
2764
4431
3793
4351
187
2314
444
4806
269
937
1499
4056
1353
795
4660
339
4939
3155
4065
2638
4196
3588
4109
1014
1229
3697
4115
4252
940
1358
128
1239
1027
1349
3333
76
842
224
3890
3359
3067
3790
1973
1844
2613
2692
3133
3234
1113
2883
2645
3240
4039
775
4230
2698
4455
1193
3675
2565
4252
2973
1811
2080
4457
2968
3151
4936
4936
2601
4531
482
2876
3259
333
4864
4514
2155
4485
2621
566
3687
4037
3474
1106
1481
4833
2087
4999
4058
3629
48
3915
2959
296
1369
3894
2670
4971
4743
739
597
4855
3378
3337
473
666
3283
4768
1227
831
181
2820
4446
1682
1320
1427
1821
2473
3035
4694
544
4822
872
1552
792
1852
1618
3664
1878
126
2844
827
3048
208
2799
1671
4426
3252
3611
915
2573
3146
4835
3482
1300
1525
4607
1406
3448
473
3908
3532
3349
278
701
1319
2588
4880
1263
2118
3993
2643
4866
1850
4341
4591
2071
4183
4562
1272
3768
741
3642
1462
3254
2213
1706
455
365
346
1140
324
4181
4193
1351
951
4975
691
4514
3721
4507
2694
3620
839
3166
4722
4524
1586
1269
3124
3008
3050
4603
2726
2198
3455
1229
3279
321
892
4754
2823
3842
3248
969
1942
1099
692
801
4495
3850
2276
4641
2050
1893
219
1294
3038
816
3233
228
2267
1863
2714
1458
395
4006
2098
1840
1858
1328
1007
2343
942
4121
1739
2621
3830
4764
3731
2261
2918
228
307
952
4028
3892
4280
3521
3471
1678
2111
4632
1251
3281
3938
1667
2637
25
2463
2861
2737
2656
4911
111
3797
1870
3924
3942
1268
3381
2050
2403
2368
2769
3967
1396
3863
4656
362
2031
2702
4301
1855
2409
4804
2420
